31170	ID:13	bCast#: 1
31189	ID:8	1,0
31189	ID:12	1,0
31189	ID:14	1,0
31189	ID:18	1,0
31195	ID:6	1,0
31195	ID:21	1,0
31195	ID:11	1,0
31195	ID:17	1,0
31195	ID:7	1,0
31195	ID:16	1,0
31208	ID:9	1,0
31208	ID:10	1,0
31208	ID:15	1,0
31208	ID:19	1,0
31215	ID:4	1,0
31215	ID:3	1,0
31215	ID:5	1,0
31228	ID:20	1,0
31231	ID:23	1,0
31231	ID:22	1,0
31235	ID:1	1,0
31235	ID:2	1,0
31243	ID:24	1,0
31254	ID:25	1,0
61169	ID:13	bCast#: 2
61188	ID:12	2,0
61188	ID:18	2,0
61188	ID:14	2,0
61188	ID:8	2,0
61188	ID:7	2,0
61188	ID:19	2,0
61193	ID:16	2,0
61193	ID:11	2,0
61193	ID:6	2,0
61193	ID:17	2,0
61199	ID:1	2,0
61200	ID:2	2,0
61201	ID:22	2,0
61201	ID:24	2,0
61210	ID:20	2,0
61211	ID:25	2,0
61213	ID:4	2,0
61214	ID:9	2,0
61220	ID:3	2,0
61221	ID:23	2,0
61240	ID:10	2,0
61245	ID:5	2,0
61246	ID:21	2,0
61249	ID:15	2,0
91169	ID:13	bCast#: 3
91180	ID:8	3,0
91180	ID:18	3,0
91180	ID:19	3,0
91180	ID:7	3,0
91180	ID:12	3,0
91185	ID:1	3,0
91187	ID:3	3,0
91195	ID:11	3,0
91203	ID:2	3,0
91203	ID:4	3,0
91210	ID:24	3,0
91210	ID:15	3,0
91211	ID:20	3,0
91211	ID:14	3,0
91214	ID:5	3,0
91214	ID:9	3,0
91217	ID:6	3,0
91220	ID:10	3,0
91221	ID:16	3,0
91221	ID:23	3,0
91222	ID:17	3,0
91226	ID:21	3,0
91237	ID:25	3,0
121169	ID:13	bCast#: 4
121203	ID:12	4,0
121203	ID:19	4,0
121204	ID:14	4,0
121204	ID:17	4,0
121230	ID:16	4,0
121230	ID:23	4,0
121230	ID:22	4,1
121231	ID:21	4,0
121234	ID:11	4,0
121234	ID:7	4,0
121242	ID:18	4,0
121242	ID:25	4,0
121242	ID:24	4,0
121242	ID:15	4,0
121252	ID:6	4,0
121254	ID:9	4,0
121259	ID:4	4,0
121259	ID:8	4,0
121260	ID:2	4,0
121260	ID:3	4,0
121269	ID:5	4,0
121277	ID:10	4,0
121287	ID:20	4,0
121290	ID:1	4,0
151169	ID:13	bCast#: 5
151211	ID:12	5,0
151211	ID:8	5,0
151211	ID:18	5,0
151212	ID:3	5,0
151218	ID:4	5,0
151218	ID:2	5,0
151218	ID:7	5,0
151218	ID:9	5,0
151226	ID:11	5,0
151226	ID:16	5,0
151226	ID:17	5,0
151236	ID:6	5,0
151239	ID:10	5,0
151246	ID:5	5,0
151247	ID:24	5,0
151247	ID:19	5,0
151248	ID:14	5,0
151248	ID:23	5,0
151251	ID:1	5,0
151253	ID:20	5,0
151254	ID:21	5,0
151282	ID:15	5,0
151292	ID:25	5,0
181169	ID:13	bCast#: 6
181180	ID:18	6,0
181180	ID:8	6,0
181180	ID:19	6,0
181204	ID:3	6,0
181204	ID:7	6,0
181205	ID:9	6,0
181205	ID:4	6,0
181205	ID:12	6,0
181210	ID:11	6,0
181210	ID:14	6,0
181211	ID:15	6,0
181211	ID:23	6,0
181211	ID:17	6,0
181211	ID:16	6,0
181211	ID:20	6,0
181211	ID:24	6,0
181211	ID:10	6,0
181219	ID:5	6,0
181222	ID:21	6,0
181229	ID:2	6,0
181229	ID:6	6,0
181245	ID:25	6,0
181257	ID:1	6,0
181261	ID:22	6,2
211169	ID:13	bCast#: 7
211188	ID:18	7,0
211188	ID:12	7,0
211188	ID:8	7,0
211193	ID:11	7,0
211193	ID:17	7,0
211194	ID:7	7,0
211199	ID:22	7,2
211204	ID:3	7,0
211218	ID:2	7,0
211219	ID:4	7,0
211219	ID:9	7,0
211221	ID:16	7,0
211224	ID:23	7,0
211232	ID:21	7,0
211254	ID:5	7,0
211257	ID:24	7,0
211257	ID:19	7,0
211259	ID:1	7,0
211259	ID:6	7,0
211261	ID:10	7,0
211268	ID:20	7,0
211268	ID:25	7,0
211271	ID:14	7,0
211271	ID:15	7,0
241169	ID:13	bCast#: 8
241203	ID:12	8,0
241203	ID:8	8,0
241203	ID:18	8,0
241203	ID:14	8,0
241203	ID:19	8,0
241204	ID:9	8,0
241222	ID:15	8,0
241223	ID:20	8,0
241223	ID:4	8,0
241223	ID:10	8,0
241224	ID:17	8,0
241224	ID:23	8,0
241224	ID:22	8,2
241224	ID:5	8,0
241224	ID:24	8,0
241236	ID:7	8,0
241236	ID:3	8,0
241245	ID:2	8,0
241245	ID:25	8,0
241250	ID:11	8,0
241251	ID:1	8,0
241254	ID:21	8,0
241254	ID:16	8,0
241255	ID:6	8,0
271169	ID:13	bCast#: 9
271219	ID:12	9,0
271219	ID:18	9,0
271219	ID:8	9,0
271220	ID:16	9,0
271253	ID:17	9,0
271255	ID:23	9,0
271256	ID:19	9,0
271257	ID:11	9,0
271257	ID:7	9,0
271261	ID:25	9,0
271261	ID:14	9,0
271261	ID:20	9,0
271267	ID:3	9,0
271267	ID:2	9,0
271267	ID:9	9,0
271268	ID:15	9,0
271273	ID:1	9,0
271273	ID:4	9,0
271277	ID:22	9,2
271286	ID:10	9,0
271292	ID:5	9,0
271299	ID:6	9,0
301170	ID:13	bCast#: 10
301196	ID:18	10,0
301196	ID:8	10,0
301196	ID:12	10,0
301202	ID:17	10,0
301202	ID:7	10,0
301202	ID:6	10,0
301207	ID:23	10,0
301208	ID:16	10,0
301208	ID:3	10,0
301209	ID:11	10,0
301219	ID:4	10,0
301222	ID:21	10,1
301226	ID:19	10,0
301228	ID:22	10,2
301234	ID:24	10,1
301250	ID:1	10,0
301254	ID:5	10,0
301254	ID:9	10,0
301258	ID:20	10,0
301286	ID:10	10,0
301286	ID:15	10,0
301297	ID:14	10,0
301300	ID:25	10,0
331170	ID:13	bCast#: 11
331188	ID:14	11,0
331188	ID:8	11,0
331188	ID:12	11,0
331188	ID:18	11,0
331188	ID:17	11,0
331193	ID:23	11,0
331194	ID:19	11,0
331194	ID:22	11,2
331195	ID:20	11,0
331211	ID:6	11,0
331211	ID:7	11,0
331221	ID:9	11,0
331221	ID:25	11,0
331222	ID:10	11,0
331222	ID:15	11,0
331228	ID:5	11,0
331228	ID:4	11,0
331232	ID:24	11,1
331252	ID:11	11,0
331252	ID:2	11,1
331270	ID:3	11,0
331299	ID:16	11,0
331339	ID:21	11,1
361170	ID:13	bCast#: 12
361211	ID:8	12,0
361211	ID:12	12,0
361212	ID:14	12,0
361212	ID:18	12,0
361212	ID:19	12,0
361212	ID:9	12,0
361217	ID:15	12,0
361223	ID:20	12,0
361234	ID:24	12,1
361234	ID:23	12,0
361242	ID:11	12,0
361242	ID:7	12,0
361248	ID:22	12,2
361253	ID:25	12,0
361254	ID:4	12,0
361255	ID:10	12,0
361260	ID:3	12,0
361279	ID:17	12,0
361283	ID:16	12,0
361283	ID:6	12,0
361290	ID:5	12,0
361297	ID:2	12,1
361300	ID:21	12,1
361321	ID:1	12,1
391170	ID:13	bCast#: 13
391196	ID:12	13,0
391196	ID:14	13,0
391196	ID:18	13,0
391203	ID:7	13,0
391203	ID:11	13,0
391203	ID:8	13,0
391203	ID:16	13,0
391203	ID:17	13,0
391208	ID:6	13,0
391209	ID:1	13,1
391209	ID:2	13,1
391215	ID:9	13,0
391215	ID:10	13,0
391215	ID:20	13,0
391219	ID:3	13,0
391221	ID:25	13,0
391222	ID:19	13,0
391232	ID:23	13,0
391237	ID:21	13,1
391239	ID:5	13,0
391251	ID:15	13,0
391256	ID:24	13,1
391261	ID:4	13,0
391273	ID:22	13,2
421170	ID:13	bCast#: 14
421219	ID:18	14,0
421219	ID:9	14,0
421219	ID:12	14,0
421219	ID:8	14,0
421225	ID:7	14,0
421225	ID:3	14,0
421225	ID:23	14,0
421225	ID:17	14,0
421231	ID:5	14,0
421231	ID:10	14,0
421231	ID:14	14,0
421231	ID:4	14,0
421233	ID:22	14,2
421239	ID:16	14,0
421253	ID:11	14,0
421253	ID:21	14,1
421257	ID:6	14,0
421258	ID:2	14,1
421269	ID:20	14,0
421270	ID:15	14,0
421270	ID:19	14,0
421275	ID:25	14,0
421297	ID:1	14,1
421320	ID:24	14,1
451170	ID:13	bCast#: 15
451203	ID:12	15,0
451203	ID:9	15,0
451203	ID:8	15,0
451203	ID:18	15,0
451204	ID:19	15,0
451209	ID:7	15,0
451226	ID:24	15,1
451226	ID:15	15,0
451226	ID:23	15,0
451231	ID:4	15,0
451231	ID:14	15,0
451231	ID:10	15,0
451233	ID:22	15,2
451236	ID:5	15,0
451237	ID:6	15,0
451237	ID:1	15,1
451237	ID:3	15,0
451244	ID:17	15,0
451244	ID:11	15,0
451261	ID:25	15,0
451261	ID:20	15,0
451391	ID:2	15,1
481170	ID:13	bCast#: 16
481174	ID:12	16,0
481174	ID:9	16,0
481174	ID:19	16,0
481175	ID:8	16,0
481175	ID:14	16,0
481175	ID:3	16,0
481175	ID:17	16,0
481180	ID:15	16,0
481180	ID:20	16,0
481186	ID:25	16,0
481193	ID:24	16,1
481211	ID:7	16,0
481211	ID:6	16,0
481212	ID:10	16,0
481214	ID:11	16,0
481214	ID:22	16,2
481215	ID:21	16,2
481215	ID:23	16,0
481221	ID:16	16,1
481221	ID:18	16,0
481226	ID:1	16,1
481227	ID:4	16,0
481237	ID:2	16,1
481238	ID:5	16,0
511170	ID:13	bCast#: 17
511196	ID:12	17,0
511196	ID:8	17,0
511196	ID:3	17,0
511196	ID:9	17,0
511196	ID:14	17,0
511196	ID:18	17,0
511197	ID:11	17,0
511202	ID:16	17,1
511202	ID:6	17,0
511203	ID:7	17,0
511205	ID:4	17,0
511205	ID:2	17,1
511208	ID:10	17,0
511208	ID:15	17,0
511213	ID:20	17,0
511222	ID:17	17,0
511224	ID:19	17,0
511224	ID:23	17,0
511226	ID:1	17,1
511234	ID:24	17,1
511243	ID:5	17,0
511245	ID:25	17,0
511257	ID:22	17,2
511262	ID:21	17,2
541170	ID:13	bCast#: 18
541196	ID:12	18,0
541196	ID:18	18,0
541196	ID:8	18,0
541196	ID:7	18,0
541205	ID:2	18,1
541205	ID:9	18,0
541208	ID:19	18,0
541208	ID:23	18,0
541208	ID:17	18,0
541227	ID:1	18,1
541231	ID:10	18,0
541231	ID:15	18,0
541231	ID:14	18,0
541231	ID:4	18,0
541234	ID:20	18,0
541234	ID:24	18,1
541241	ID:22	18,2
541242	ID:11	18,0
541246	ID:5	18,0
541246	ID:3	18,0
541268	ID:25	18,0
541271	ID:21	18,2
541275	ID:6	18,0
541275	ID:16	18,1
571170	ID:13	bCast#: 19
571180	ID:8	19,0
571180	ID:18	19,0
571180	ID:19	19,0
571180	ID:17	19,0
571186	ID:12	19,0
571186	ID:21	19,2
571186	ID:16	19,1
571186	ID:11	19,0
571186	ID:23	19,0
571202	ID:14	19,0
571202	ID:25	19,0
571206	ID:22	19,2
571215	ID:10	19,0
571215	ID:15	19,0
571215	ID:9	19,0
571220	ID:5	19,0
571224	ID:24	19,1
571228	ID:2	19,1
571228	ID:6	19,0
571228	ID:4	19,0
571228	ID:7	19,0
571234	ID:1	19,1
571243	ID:3	19,0
571266	ID:20	19,0
601170	ID:13	bCast#: 20
601180	ID:18	20,0
601180	ID:12	20,0
601180	ID:9	20,0
601181	ID:15	20,0
601187	ID:11	20,0
601187	ID:17	20,0
601187	ID:6	20,0
601192	ID:14	20,0
601192	ID:10	20,0
601192	ID:4	20,0
601192	ID:3	20,0
601192	ID:8	20,0
601197	ID:5	20,0
601198	ID:19	20,0
601198	ID:2	20,1
601204	ID:7	20,0
601204	ID:1	20,1
601216	ID:23	20,0
601216	ID:22	20,2
601222	ID:24	20,1
601227	ID:20	20,0
601229	ID:25	20,0
601232	ID:21	20,2
601233	ID:16	20,1
631170	ID:13	bCast#: 21
631188	ID:12	21,0
631188	ID:7	21,0
631188	ID:18	21,0
631188	ID:14	21,0
631188	ID:17	21,0
631193	ID:11	21,0
631193	ID:16	21,1
631206	ID:21	21,2
631207	ID:15	21,0
631207	ID:8	21,0
631207	ID:19	21,0
631213	ID:4	21,0
631213	ID:9	21,0
631219	ID:5	21,0
631221	ID:6	21,0
631226	ID:22	21,2
631233	ID:23	21,0
631238	ID:10	21,0
631249	ID:20	21,0
631249	ID:24	21,1
631255	ID:25	21,0
661170	ID:13	bCast#: 22
661203	ID:18	22,0
661204	ID:8	22,0
661204	ID:19	22,0
661209	ID:14	22,0
661209	ID:20	22,0
661209	ID:24	22,1
661215	ID:25	22,0
661215	ID:23	22,0
661215	ID:15	22,0
661221	ID:22	22,2
661222	ID:16	22,1
661228	ID:9	22,0
661228	ID:4	22,0
661228	ID:7	22,0
661230	ID:21	22,2
661230	ID:11	22,0
661230	ID:17	22,0
661230	ID:12	22,0
661234	ID:2	22,2
661234	ID:6	22,0
661235	ID:10	22,0
661241	ID:5	22,0
661274	ID:1	22,2
691170	ID:13	bCast#: 23
691196	ID:8	23,0
691196	ID:15	23,0
691196	ID:18	23,0
691196	ID:12	23,0
691203	ID:11	23,0
691203	ID:16	23,1
691203	ID:7	23,0
691205	ID:2	23,2
691205	ID:9	23,0
691205	ID:3	23,2
691208	ID:19	23,0
691208	ID:17	23,0
691208	ID:23	23,0
691208	ID:22	23,2
691220	ID:1	23,2
691225	ID:6	23,0
691235	ID:10	23,0
691235	ID:20	23,0
691241	ID:25	23,0
691249	ID:24	23,1
691251	ID:5	23,0
691253	ID:21	23,2
691255	ID:4	23,0
721170	ID:13	bCast#: 24
721219	ID:12	24,0
721219	ID:18	24,0
721219	ID:9	24,0
721219	ID:8	24,0
721225	ID:23	24,0
721225	ID:19	24,0
721225	ID:17	24,0
721228	ID:3	24,2
721228	ID:7	24,0
721233	ID:22	24,2
721233	ID:24	24,1
721239	ID:25	24,0
721242	ID:11	24,0
721247	ID:16	24,1
721249	ID:20	24,0
721249	ID:14	24,1
721252	ID:6	24,0
721252	ID:2	24,2
721252	ID:1	24,2
721256	ID:21	24,2
721299	ID:15	24,0
721325	ID:10	24,0
721329	ID:5	24,0
721355	ID:4	24,0
751170	ID:13	bCast#: 25
751174	ID:8	25,0
751174	ID:18	25,0
751174	ID:12	25,0
751175	ID:14	25,1
751175	ID:22	25,2
751180	ID:19	25,0
751180	ID:23	25,0
751180	ID:17	25,0
751181	ID:25	25,0
751181	ID:9	25,0
751181	ID:7	25,0
751185	ID:15	25,0
751187	ID:20	25,0
751187	ID:10	25,0
751201	ID:24	25,1
751205	ID:6	25,0
751205	ID:2	25,2
751209	ID:21	25,2
751211	ID:11	25,0
751211	ID:1	25,2
751214	ID:16	25,1
751220	ID:5	25,0
751253	ID:4	25,0
751254	ID:3	25,2
781170	ID:13	bCast#: 26
781188	ID:8	26,0
781188	ID:18	26,0
781188	ID:12	26,0
781188	ID:19	26,0
781188	ID:17	26,0
781194	ID:20	26,0
781194	ID:24	26,1
781194	ID:25	26,0
781194	ID:15	26,0
781197	ID:4	26,0
781197	ID:7	26,0
781197	ID:9	26,0
781197	ID:14	26,1
781209	ID:23	26,0
781212	ID:10	26,0
781215	ID:2	26,2
781216	ID:3	26,2
781219	ID:11	26,0
781219	ID:6	26,0
781226	ID:22	26,2
781228	ID:16	26,1
781235	ID:5	26,0
781235	ID:1	26,2
781238	ID:21	26,2
811170	ID:13	bCast#: 27
811196	ID:8	27,0
811196	ID:12	27,0
811196	ID:14	27,1
811196	ID:18	27,0
811196	ID:7	27,0
811205	ID:11	27,0
811205	ID:1	27,2
811206	ID:6	27,0
811206	ID:2	27,2
811211	ID:16	27,1
811211	ID:17	27,0
811211	ID:3	27,2
811212	ID:21	27,2
811218	ID:22	27,2
811223	ID:9	27,0
811223	ID:15	27,0
811223	ID:10	27,0
811223	ID:19	27,0
811226	ID:4	27,0
811228	ID:5	27,0
811233	ID:23	27,0
811242	ID:24	27,1
811247	ID:25	27,0
811256	ID:20	27,0
841170	ID:13	bCast#: 28
841219	ID:12	28,0
841219	ID:18	28,0
841219	ID:8	28,0
841219	ID:9	28,0
841224	ID:17	28,0
841225	ID:14	28,1
841225	ID:2	28,2
841230	ID:16	28,1
841230	ID:22	28,2
841230	ID:21	28,2
841230	ID:15	28,0
841230	ID:1	28,2
841231	ID:19	28,0
841231	ID:7	28,0
841231	ID:4	28,0
841231	ID:6	28,0
841256	ID:23	28,0
841263	ID:24	28,1
841269	ID:3	28,2
841270	ID:10	28,0
841276	ID:5	28,0
871170	ID:13	bCast#: 29
871188	ID:8	29,0
871188	ID:18	29,0
871188	ID:12	29,0
871188	ID:14	29,1
871195	ID:17	29,0
871195	ID:7	29,0
871205	ID:3	29,2
871205	ID:4	29,0
871216	ID:19	29,0
871216	ID:24	29,1
871216	ID:23	29,0
871217	ID:21	29,2
871227	ID:2	29,2
871230	ID:11	29,1
871230	ID:16	29,1
871230	ID:22	29,2
871231	ID:9	29,0
871245	ID:25	29,1
871249	ID:20	29,1
871249	ID:15	29,0
871251	ID:1	29,2
871252	ID:6	29,0
871297	ID:10	29,0
901170	ID:13	bCast#: 30
901188	ID:14	30,1
901188	ID:12	30,0
901188	ID:18	30,0
901189	ID:20	30,1
901194	ID:23	30,0
901194	ID:24	30,1
901194	ID:17	30,0
901194	ID:19	30,0
901198	ID:15	30,0
901198	ID:25	30,1
901199	ID:22	30,2
901215	ID:9	30,0
901234	ID:11	30,1
901235	ID:7	30,0
901235	ID:8	30,0
901235	ID:10	30,0
901244	ID:6	30,0
901244	ID:16	30,1
901274	ID:5	30,1
901275	ID:4	30,0
901275	ID:3	30,2
901277	ID:21	30,2
901281	ID:2	30,2
901281	ID:1	30,2
931170	ID:13	bCast#: 31
931219	ID:18	31,0
931219	ID:12	31,0
931219	ID:8	31,0
931219	ID:14	31,1
931219	ID:9	31,0
931219	ID:17	31,0
931225	ID:11	31,1
931225	ID:6	31,0
931225	ID:7	31,0
931231	ID:1	31,2
931231	ID:2	31,2
931231	ID:4	31,0
931246	ID:16	31,1
931246	ID:21	31,2
931246	ID:22	31,2
931246	ID:19	31,0
931246	ID:10	31,0
931247	ID:24	31,1
931252	ID:15	31,0
931252	ID:5	31,1
931257	ID:25	31,1
931257	ID:20	31,1
931260	ID:3	31,2
931264	ID:23	31,0
961170	ID:13	bCast#: 32
961180	ID:8	32,0
961180	ID:12	32,0
961180	ID:18	32,0
961180	ID:14	32,1
961204	ID:3	32,2
961205	ID:7	32,0
961205	ID:9	32,0
961231	ID:19	32,0
961231	ID:15	32,0
961231	ID:20	32,1
961231	ID:4	32,0
961231	ID:10	32,0
961232	ID:17	32,0
961234	ID:23	32,0
961236	ID:5	32,1
961237	ID:25	32,1
961245	ID:6	32,0
961245	ID:2	32,2
961249	ID:24	32,1
961250	ID:1	32,2
961251	ID:11	32,1
961261	ID:22	32,2
961267	ID:16	32,1
961311	ID:21	32,2
991170	ID:13	bCast#: 33
991180	ID:12	33,0
991180	ID:14	33,1
991180	ID:18	33,0
991180	ID:9	33,0
991187	ID:8	33,0
991188	ID:11	33,1
991188	ID:17	33,0
991200	ID:4	33,0
991200	ID:15	33,0
991200	ID:3	33,2
991201	ID:23	33,0
991201	ID:19	33,0
991201	ID:22	33,2
991205	ID:20	33,1
991205	ID:10	33,0
991206	ID:2	33,2
991206	ID:24	33,1
991207	ID:16	33,1
991211	ID:25	33,1
991213	ID:7	33,0
991229	ID:6	33,0
991235	ID:1	33,2
991238	ID:21	33,2
991301	ID:5	33,1
1021170	ID:13	bCast#: 34
1021188	ID:9	34,0
1021188	ID:12	34,0
1021188	ID:18	34,0
1021188	ID:14	34,1
1021188	ID:8	34,0
1021188	ID:11	34,1
1021188	ID:19	34,0
1021195	ID:17	34,0
1021202	ID:20	34,1
1021202	ID:24	34,1
1021202	ID:25	34,1
1021205	ID:16	34,1
1021220	ID:7	34,0
1021220	ID:3	34,2
1021220	ID:4	34,0
1021222	ID:21	34,2
1021227	ID:22	34,2
1021231	ID:10	34,0
1021234	ID:2	34,2
1021243	ID:1	34,2
1021243	ID:15	34,0
1021243	ID:5	34,1
1021245	ID:6	34,0
1021245	ID:23	34,0
1051170	ID:13	bCast#: 35
1051211	ID:14	35,1
1051212	ID:18	35,0
1051246	ID:15	35,0
1051246	ID:9	35,0
1051246	ID:20	35,1
1051246	ID:10	35,0
1051247	ID:19	35,0
1051247	ID:12	35,0
1051261	ID:24	35,1
1051261	ID:25	35,1
1051263	ID:23	35,0
1051263	ID:22	35,2
1051263	ID:17	35,0
1051269	ID:16	35,1
1051281	ID:7	35,0
1051281	ID:11	35,1
1051282	ID:5	35,1
1051282	ID:4	35,0
1051294	ID:8	35,0
1051300	ID:21	35,2
1051301	ID:3	35,2
1051315	ID:6	35,0
1051315	ID:2	35,2
1051315	ID:1	35,2
1081170	ID:13	bCast#: 36
1081196	ID:18	36,0
1081196	ID:14	36,1
1081196	ID:8	36,0
1081196	ID:12	36,0
1081202	ID:23	36,0
1081202	ID:17	36,0
1081202	ID:22	36,2
1081202	ID:19	36,0
1081203	ID:7	36,0
1081203	ID:11	36,1
1081207	ID:20	36,1
1081208	ID:24	36,1
1081208	ID:6	36,0
1081208	ID:1	36,2
1081208	ID:2	36,2
1081213	ID:16	36,1
1081213	ID:25	36,1
1081213	ID:15	36,0
1081214	ID:3	36,2
1081218	ID:21	36,2
1081227	ID:10	36,0
1081236	ID:9	36,0
1081243	ID:4	36,0
1081253	ID:5	36,1
1111170	ID:13	bCast#: 37
1111211	ID:14	37,1
1111211	ID:18	37,0
1111212	ID:7	37,0
1111212	ID:19	37,0
1111217	ID:17	37,0
1111217	ID:23	37,0
1111217	ID:6	37,0
1111217	ID:2	37,2
1111218	ID:11	37,1
1111218	ID:12	37,0
1111218	ID:16	37,1
1111218	ID:4	37,0
1111223	ID:22	37,2
1111223	ID:21	37,2
1111224	ID:8	37,0
1111234	ID:20	37,1
1111239	ID:25	37,1
1111244	ID:3	37,2
1111244	ID:9	37,0
1111250	ID:10	37,0
1111250	ID:15	37,0
1111257	ID:24	37,1
1111258	ID:1	37,2
1111269	ID:5	37,1
1141170	ID:13	bCast#: 38
1141174	ID:14	38,1
1141174	ID:18	38,0
1141175	ID:9	38,0
1141175	ID:8	38,0
1141180	ID:10	38,0
1141180	ID:4	38,0
1141180	ID:5	38,1
1141180	ID:3	38,2
1141189	ID:7	38,0
1141189	ID:2	38,2
1141199	ID:15	38,0
1141199	ID:19	38,0
1141200	ID:25	38,1
1141205	ID:24	38,1
1141205	ID:20	38,1
1141221	ID:6	38,0
1141221	ID:1	38,2
1141221	ID:12	38,0
1141224	ID:17	38,0
1141224	ID:23	38,0
1141227	ID:11	38,1
1141233	ID:16	38,1
1141254	ID:21	38,2
1141254	ID:22	38,2
1171170	ID:13	bCast#: 39
1171196	ID:18	39,0
1171196	ID:14	39,1
1171196	ID:9	39,0
1171196	ID:12	39,0
1171201	ID:4	39,0
1171201	ID:10	39,0
1171202	ID:5	39,1
1171202	ID:8	39,0
1171214	ID:3	39,2
1171220	ID:2	39,2
1171223	ID:25	39,1
1171223	ID:19	39,0
1171223	ID:20	39,1
1171223	ID:15	39,0
1171224	ID:24	39,1
1171224	ID:17	39,0
1171226	ID:11	39,1
1171229	ID:7	39,0
1171242	ID:23	39,0
1171246	ID:16	39,1
1171246	ID:22	39,2
1171260	ID:6	39,0
1171261	ID:1	39,2
1171279	ID:21	39,2
1201170	ID:13	bCast#: 40
1201180	ID:12	40,0
1201180	ID:18	40,0
1201180	ID:14	40,1
1201180	ID:19	40,0
1201180	ID:7	40,0
1201180	ID:8	40,0
1201185	ID:24	40,1
1201186	ID:23	40,0
1201186	ID:4	40,0
1201186	ID:6	40,0
1201186	ID:17	40,0
1201188	ID:3	40,2
1201191	ID:25	40,1
1201195	ID:2	40,2
1201199	ID:5	40,1
1201199	ID:9	40,0
1201202	ID:22	40,2
1201203	ID:1	40,2
1201218	ID:20	40,1
1201229	ID:15	40,0
1201238	ID:16	40,1
1201245	ID:11	40,1
1201245	ID:21	40,2
1201251	ID:10	40,0
1231170	ID:13	bCast#: 41
1231188	ID:12	41,0
1231188	ID:14	41,1
1231188	ID:19	41,0
1231188	ID:8	41,0
1231188	ID:3	41,2
1231199	ID:9	41,0
1231199	ID:15	41,0
1231203	ID:25	41,1
1231203	ID:18	41,0
1231203	ID:24	41,1
1231205	ID:10	41,0
1231205	ID:20	41,1
1231209	ID:23	41,0
1231211	ID:2	41,2
1231212	ID:7	41,0
1231212	ID:5	41,1
1231212	ID:4	41,0
1231219	ID:17	41,0
1231219	ID:6	41,0
1231219	ID:11	41,1
1231242	ID:1	41,2
1231245	ID:16	41,1
1231246	ID:22	41,2
1261170	ID:13	bCast#: 42
1261180	ID:12	42,0
1261180	ID:18	42,0
1261180	ID:7	42,0
1261180	ID:17	42,0
1261191	ID:16	42,1
1261191	ID:22	42,2
1261196	ID:23	42,0
1261196	ID:21	42,3
1261205	ID:2	42,2
1261205	ID:8	42,0
1261205	ID:3	42,2
1261206	ID:1	42,2
1261206	ID:6	42,0
1261211	ID:11	42,1
1261224	ID:19	42,0
1261234	ID:4	42,0
1261235	ID:9	42,0
1261242	ID:14	42,1
1261242	ID:24	42,1
1261246	ID:5	42,1
1261246	ID:10	42,0
1261253	ID:25	42,1
1261254	ID:15	42,0
1261260	ID:20	42,1
1291170	ID:13	bCast#: 43
1291211	ID:12	43,0
1291211	ID:18	43,0
1291211	ID:8	43,0
1291217	ID:3	43,2
1291217	ID:4	43,0
1291217	ID:9	43,0
1291222	ID:2	43,2
1291223	ID:5	43,1
1291226	ID:11	43,1
1291226	ID:6	43,0
1291226	ID:17	43,0
1291226	ID:16	43,1
1291227	ID:7	43,0
1291230	ID:10	43,0
1291232	ID:22	43,2
1291238	ID:21	43,3
1291242	ID:1	43,2
1291247	ID:19	43,0
1291247	ID:23	43,0
1291248	ID:24	43,1
1291259	ID:15	43,0
1291263	ID:14	43,1
1291285	ID:20	43,1
1291292	ID:25	43,1
1321170	ID:13	bCast#: 44
1321188	ID:18	44,0
1321188	ID:8	44,0
1321188	ID:12	44,0
1321188	ID:14	44,1
1321205	ID:3	44,2
1321205	ID:9	44,0
1321211	ID:7	44,0
1321216	ID:17	44,0
1321216	ID:19	44,0
1321229	ID:2	44,2
1321230	ID:16	44,1
1321230	ID:23	44,0
1321230	ID:22	44,2
1321231	ID:15	44,0
1321231	ID:10	44,0
1321234	ID:11	44,1
1321236	ID:5	44,1
1321238	ID:21	44,3
1321241	ID:24	44,1
1321253	ID:25	44,1
1321253	ID:4	44,0
1321258	ID:1	44,2
1321260	ID:6	44,0
1321265	ID:20	44,1
1351170	ID:13	bCast#: 45
1351187	ID:12	45,0
1351188	ID:8	45,0
1351188	ID:7	45,0
1351188	ID:18	45,0
1351188	ID:19	45,0
1351195	ID:17	45,0
1351196	ID:1	45,2
1351201	ID:16	45,1
1351201	ID:23	45,0
1351201	ID:24	45,1
1351201	ID:11	45,1
1351202	ID:2	45,2
1351203	ID:20	45,1
1351205	ID:3	45,2
1351205	ID:9	45,0
1351205	ID:14	45,1
1351206	ID:6	45,0
1351206	ID:25	45,1
1351211	ID:4	45,0
1351222	ID:22	45,2
1351229	ID:15	45,0
1351230	ID:21	45,3
1351230	ID:5	45,1
1351245	ID:10	45,0
1381170	ID:13	bCast#: 46
1381211	ID:18	46,0
1381211	ID:8	46,0
1381211	ID:12	46,0
1381212	ID:14	46,1
1381212	ID:19	46,0
1381212	ID:17	46,0
1381212	ID:9	46,0
1381217	ID:4	46,0
1381217	ID:5	46,1
1381219	ID:7	46,0
1381219	ID:11	46,1
1381222	ID:3	46,2
1381223	ID:16	46,1
1381223	ID:22	46,2
1381223	ID:23	46,0
1381223	ID:10	46,0
1381224	ID:6	46,0
1381224	ID:2	46,2
1381224	ID:1	46,2
1381229	ID:15	46,0
1381229	ID:24	46,1
1381234	ID:20	46,1
1381246	ID:21	46,3
1381261	ID:25	46,1
1411170	ID:13	bCast#: 47
1411188	ID:8	47,0
1411188	ID:18	47,0
1411188	ID:20	47,1
1411205	ID:7	47,0
1411205	ID:9	47,0
1411205	ID:3	47,2
1411205	ID:12	47,0
1411205	ID:14	47,1
1411222	ID:15	47,0
1411222	ID:19	47,0
1411223	ID:10	47,0
1411234	ID:11	47,1
1411240	ID:17	47,0
1411240	ID:23	47,0
1411242	ID:4	47,0
1411242	ID:2	47,2
1411246	ID:6	47,0
1411257	ID:24	47,1
1411267	ID:1	47,2
1411269	ID:5	47,1
1411276	ID:25	47,1
1411285	ID:21	47,3
1411285	ID:16	47,1
1411300	ID:22	47,2
1441170	ID:13	bCast#: 48
1441203	ID:8	48,0
1441203	ID:18	48,0
1441204	ID:9	48,0
1441204	ID:12	48,0
1441204	ID:14	48,1
1441216	ID:19	48,0
1441216	ID:17	48,0
1441219	ID:6	48,0
1441219	ID:11	48,1
1441219	ID:7	48,0
1441220	ID:3	48,2
1441222	ID:16	48,1
1441222	ID:22	48,2
1441222	ID:23	48,0
1441222	ID:10	48,0
1441222	ID:15	48,0
1441226	ID:1	48,2
1441226	ID:4	48,0
1441226	ID:2	48,2
1441228	ID:5	48,1
1441230	ID:21	48,3
1441234	ID:20	48,1
1441241	ID:24	48,1
1441292	ID:25	48,1
1471170	ID:13	bCast#: 49
1471196	ID:8	49,0
1471196	ID:12	49,0
1471228	ID:7	49,0
1471228	ID:3	49,2
1471228	ID:2	49,2
1471234	ID:6	49,0
1471234	ID:11	49,1
1471234	ID:4	49,0
1471240	ID:1	49,2
1471242	ID:16	49,1
1471242	ID:18	49,0
1471252	ID:17	49,0
1471277	ID:5	49,1
1471279	ID:19	49,0
1471279	ID:23	49,0
1471284	ID:21	49,3
1471292	ID:10	49,0
1471293	ID:22	49,2
1471312	ID:15	49,0
1471312	ID:14	49,1
1471312	ID:20	49,1
1471312	ID:24	49,1
1471324	ID:9	49,0
1471331	ID:25	49,1
1501170	ID:13	bCast#: 50
1501180	ID:8	50,0
1501180	ID:12	50,0
1501180	ID:18	50,0
1501180	ID:14	50,1
1501181	ID:4	50,0
1501186	ID:9	50,0
1501186	ID:17	50,0
1501186	ID:23	50,0
1501186	ID:15	50,0
1501186	ID:19	50,0
1501186	ID:22	50,2
1501187	ID:7	50,0
1501197	ID:3	50,2
1501202	ID:24	50,1
1501202	ID:20	50,1
1501205	ID:6	50,0
1501206	ID:2	50,2
1501211	ID:1	50,2
1501215	ID:10	50,0
1501217	ID:21	50,3
1501223	ID:16	50,1
1501224	ID:5	50,1
1501226	ID:11	50,1
1501229	ID:25	50,1
1531170	ID:13	bCast#: 51
1531180	ID:18	51,0
1531180	ID:14	51,1
1531180	ID:9	51,0
1531199	ID:15	51,0
1531200	ID:20	51,1
1531200	ID:8	51,0
1531200	ID:19	51,0
1531209	ID:17	51,0
1531209	ID:12	51,0
1531209	ID:16	51,1
1531215	ID:3	51,2
1531215	ID:10	51,0
1531215	ID:4	51,0
1531216	ID:2	51,2
1531221	ID:5	51,1
1531221	ID:1	51,2
1531221	ID:7	51,0
1531221	ID:25	51,1
1531226	ID:24	51,1
1531226	ID:23	51,0
1531231	ID:21	51,3
1531233	ID:6	51,0
1531236	ID:22	51,2
1531261	ID:11	51,1
1561170	ID:13	bCast#: 52
1561196	ID:14	52,1
1561196	ID:18	52,0
1561196	ID:12	52,0
1561196	ID:8	52,0
1561196	ID:17	52,0
1561202	ID:21	52,3
1561202	ID:11	52,1
1561202	ID:22	52,2
1561209	ID:23	52,0
1561214	ID:24	52,1
1561215	ID:19	52,0
1561223	ID:15	52,0
1561223	ID:9	52,0
1561226	ID:7	52,0
1561226	ID:16	52,1
1561235	ID:20	52,1
1561236	ID:3	52,2
1561236	ID:4	52,0
1561239	ID:5	52,1
1561244	ID:6	52,0
1561245	ID:25	52,1
1561245	ID:10	52,0
1561276	ID:2	52,2
1561276	ID:1	52,2
1591170	ID:13	bCast#: 53
1591174	ID:18	53,0
1591174	ID:8	53,0
1591175	ID:14	53,1
1591175	ID:19	53,0
1591187	ID:24	53,1
1591187	ID:25	53,1
1591187	ID:20	53,1
1591199	ID:15	53,0
1591200	ID:17	53,0
1591200	ID:23	53,0
1591201	ID:22	53,2
1591213	ID:7	53,0
1591213	ID:3	53,2
1591213	ID:9	53,0
1591214	ID:11	53,1
1591214	ID:12	53,0
1591214	ID:16	53,1
1591219	ID:2	53,2
1591219	ID:4	53,0
1591222	ID:21	53,3
1591237	ID:6	53,0
1591243	ID:1	53,2
1591243	ID:10	53,0
1591266	ID:5	53,1
1621170	ID:13	bCast#: 54
1621180	ID:8	54,0
1621180	ID:12	54,0
1621180	ID:14	54,1
1621180	ID:9	54,0
1621180	ID:7	54,0
1621206	ID:1	54,2
1621206	ID:11	54,1
1621213	ID:4	54,0
1621213	ID:2	54,2
1621218	ID:3	54,2
1621222	ID:15	54,0
1621223	ID:20	54,1
1621236	ID:16	54,1
1621237	ID:6	54,0
1621261	ID:25	54,1
1621261	ID:19	54,0
1621266	ID:24	54,1
1621269	ID:17	54,0
1621269	ID:21	54,3
1621277	ID:18	54,0
1621289	ID:22	54,2
1621292	ID:23	54,0
1621301	ID:5	54,1
1621302	ID:10	54,0
1651170	ID:13	bCast#: 55
1651174	ID:8	55,0
1651174	ID:18	55,0
1651175	ID:7	55,0
1651205	ID:3	55,2
1651205	ID:9	55,0
1651213	ID:11	55,1
1651214	ID:6	55,0
1651214	ID:2	55,2
1651219	ID:4	55,0
1651224	ID:23	55,0
1651224	ID:24	55,1
1651224	ID:17	55,0
1651225	ID:14	55,1
1651226	ID:1	55,2
1651230	ID:20	55,1
1651230	ID:15	55,0
1651239	ID:5	55,1
1651244	ID:12	55,0
1651244	ID:16	55,1
1651245	ID:25	55,1
1651245	ID:19	55,0
1651257	ID:22	55,2
1651266	ID:10	55,0
1681170	ID:13	bCast#: 56
1681180	ID:18	56,0
1681180	ID:12	56,0
1681180	ID:7	56,0
1681180	ID:14	56,1
1681190	ID:1	56,2
1681190	ID:3	56,2
1681200	ID:23	56,0
1681200	ID:22	56,2
1681201	ID:17	56,0
1681201	ID:6	56,0
1681201	ID:2	56,2
1681206	ID:16	56,1
1681206	ID:11	56,1
1681212	ID:21	56,4
1681223	ID:15	56,0
1681223	ID:10	56,0
1681223	ID:19	56,0
1681227	ID:4	56,0
1681227	ID:8	56,0
1681228	ID:20	56,1
1681229	ID:9	56,0
1681238	ID:5	56,1
1681257	ID:25	56,1
1681263	ID:24	56,1
1711170	ID:13	bCast#: 57
1711180	ID:8	57,0
1711180	ID:12	57,0
1711180	ID:18	57,0
1711180	ID:19	57,0
1711180	ID:14	57,1
1711186	ID:15	57,0
1711186	ID:9	57,0
1711187	ID:17	57,0
1711202	ID:20	57,1
1711204	ID:10	57,0
1711204	ID:2	57,2
1711204	ID:3	57,2
1711205	ID:7	57,0
1711211	ID:6	57,0
1711212	ID:5	57,1
1711216	ID:23	57,0
1711216	ID:22	57,2
1711221	ID:1	57,2
1711230	ID:16	57,1
1711231	ID:4	57,0
1711237	ID:24	57,1
1711240	ID:21	57,4
1711277	ID:11	57,1
1711284	ID:25	57,1
1741170	ID:13	bCast#: 58
1741174	ID:12	58,0
1741174	ID:14	58,1
1741174	ID:18	58,0
1741180	ID:10	58,0
1741180	ID:15	58,0
1741180	ID:16	58,1
1741180	ID:7	58,0
1741186	ID:1	58,2
1741186	ID:6	58,0
1741186	ID:2	58,2
1741186	ID:8	58,0
1741189	ID:3	58,2
1741196	ID:20	58,1
1741199	ID:17	58,0
1741199	ID:11	58,1
1741199	ID:21	58,4
1741203	ID:4	58,0
1741204	ID:9	58,0
1741204	ID:22	58,2
1741206	ID:24	58,1
1741206	ID:19	58,0
1741206	ID:25	58,1
1741216	ID:23	58,0
1741317	ID:5	58,1
1771170	ID:13	bCast#: 59
1771203	ID:18	59,0
1771203	ID:14	59,1
1771203	ID:8	59,0
1771203	ID:12	59,0
1771210	ID:7	59,0
1771211	ID:11	59,1
1771211	ID:17	59,0
1771244	ID:9	59,0
1771246	ID:15	59,0
1771246	ID:19	59,0
1771247	ID:23	59,0
1771252	ID:6	59,0
1771252	ID:21	59,4
1771260	ID:2	59,2
1771261	ID:16	59,1
1771261	ID:22	59,2
1771264	ID:24	59,1
1771282	ID:10	59,0
1771289	ID:1	59,2
1771305	ID:3	59,2
1771308	ID:20	59,1
1771308	ID:25	59,1
1801170	ID:13	bCast#: 60
1801196	ID:12	60,0
1801196	ID:8	60,0
1801196	ID:18	60,0
1801196	ID:14	60,1
1801196	ID:9	60,0
1801202	ID:15	60,0
1801202	ID:19	60,0
1801210	ID:24	60,1
1801210	ID:25	60,1
1801210	ID:23	60,0
1801212	ID:7	60,0
1801212	ID:4	60,1
1801213	ID:3	60,2
1801215	ID:10	60,0
1801218	ID:6	60,0
1801218	ID:2	60,2
1801224	ID:17	60,0
1801233	ID:22	60,2
1801235	ID:5	60,2
1801240	ID:20	60,1
1801242	ID:11	60,1
1801246	ID:16	60,1
1801267	ID:1	60,2
1801279	ID:21	60,4
1831170	ID:13	bCast#: 61
1831219	ID:12	61,0
1831219	ID:8	61,0
1831219	ID:18	61,0
1831219	ID:19	61,0
1831219	ID:15	61,0
1831219	ID:7	61,0
1831225	ID:23	61,0
1831225	ID:24	61,1
1831225	ID:20	61,1
1831227	ID:25	61,1
1831227	ID:14	61,1
1831227	ID:10	61,0
1831228	ID:3	61,2
1831228	ID:4	61,1
1831228	ID:9	61,0
1831237	ID:6	61,0
1831237	ID:11	61,1
1831249	ID:22	61,2
1831250	ID:2	61,2
1831250	ID:5	61,2
1831256	ID:17	61,0
1831256	ID:21	61,4
1831258	ID:16	61,1
1831266	ID:1	61,2
1861170	ID:13	bCast#: 62
1861219	ID:8	62,0
1861219	ID:12	62,0
1861219	ID:14	62,1
1861219	ID:9	62,0
1861219	ID:17	62,0
1861225	ID:16	62,1
1861225	ID:22	62,2
1861225	ID:18	62,0
1861231	ID:11	62,1
1861231	ID:23	62,0
1861239	ID:10	62,0
1861239	ID:5	62,2
1861239	ID:3	62,2
1861239	ID:15	62,0
1861246	ID:19	62,0
1861247	ID:20	62,1
1861252	ID:7	62,0
1861260	ID:6	62,0
1861260	ID:2	62,2
1861260	ID:1	62,2
1861265	ID:24	62,1
1861266	ID:4	62,1
1861284	ID:25	62,1
1891170	ID:13	bCast#: 63
1891203	ID:12	63,0
1891203	ID:14	63,1
1891203	ID:8	63,0
1891203	ID:18	63,0
1891204	ID:9	63,0
1891204	ID:19	63,0
1891209	ID:7	63,0
1891209	ID:3	63,2
1891215	ID:5	63,2
1891215	ID:4	63,1
1891221	ID:10	63,0
1891229	ID:6	63,0
1891229	ID:2	63,2
1891229	ID:1	63,2
1891234	ID:20	63,1
1891234	ID:24	63,1
1891234	ID:15	63,0
1891236	ID:23	63,0
1891239	ID:25	63,1
1891242	ID:17	63,0
1891242	ID:11	63,1
1891261	ID:16	63,1
1891261	ID:22	63,2
1891267	ID:21	63,5
1921170	ID:13	bCast#: 64
1921196	ID:18	64,0
1921196	ID:17	64,0
1921196	ID:14	64,1
1921208	ID:24	64,1
1921209	ID:22	64,2
1921214	ID:25	64,1
1921214	ID:19	64,0
1921214	ID:23	64,0
1921230	ID:12	64,0
1921230	ID:21	64,5
1921230	ID:16	64,1
1921240	ID:20	64,1
1921246	ID:15	64,0
1921250	ID:7	64,0
1921250	ID:8	64,0
1921251	ID:10	64,0
1921252	ID:9	64,0
1921257	ID:5	64,2
1921261	ID:11	64,1
1921268	ID:6	64,0
1921269	ID:4	64,1
1921273	ID:2	64,2
1921273	ID:1	64,2
1921278	ID:3	64,2
1951170	ID:13	bCast#: 65
1951219	ID:14	65,1
1951219	ID:19	65,0
1951219	ID:12	65,0
1951219	ID:7	65,0
1951219	ID:8	65,0
1951225	ID:20	65,1
1951225	ID:15	65,0
1951225	ID:18	65,0
1951225	ID:9	65,0
1951226	ID:17	65,0
1951226	ID:11	65,1
1951226	ID:6	65,0
1951236	ID:16	65,1
1951238	ID:22	65,2
1951247	ID:4	65,1
1951247	ID:23	65,0
1951251	ID:3	65,2
1951268	ID:2	65,2
1951269	ID:5	65,2
1951273	ID:1	65,2
1951279	ID:21	65,5
1951308	ID:10	65,0
1981170	ID:13	bCast#: 66
1981211	ID:8	66,0
1981211	ID:18	66,0
1981211	ID:7	66,0
1981212	ID:14	66,1
1981212	ID:12	66,0
1981217	ID:6	66,0
1981217	ID:11	66,1
1981218	ID:2	66,2
1981222	ID:19	66,0
1981223	ID:16	66,1
1981224	ID:3	66,2
1981232	ID:17	66,0
1981235	ID:23	66,0
1981242	ID:24	66,2
1981242	ID:1	66,2
1981242	ID:15	66,0
1981242	ID:4	66,1
1981246	ID:22	66,2
1981252	ID:9	66,0
1981252	ID:10	66,0
1981261	ID:21	66,5
1981266	ID:5	66,2
1981284	ID:20	66,1
2011170	ID:13	bCast#: 67
2011211	ID:7	67,0
2011211	ID:12	67,0
2011211	ID:14	67,1
2011211	ID:18	67,0
2011212	ID:17	67,0
2011218	ID:23	67,0
2011221	ID:2	67,2
2011221	ID:8	67,0
2011231	ID:15	67,0
2011231	ID:20	67,1
2011231	ID:19	67,0
2011231	ID:9	67,0
2011242	ID:11	67,1
2011242	ID:22	67,2
2011245	ID:25	67,3
2011248	ID:16	67,1
2011248	ID:21	67,5
2011251	ID:10	67,0
2011256	ID:5	67,2
2011257	ID:4	67,1
2011265	ID:24	67,2
2011267	ID:1	67,2
2011267	ID:6	67,0
2011269	ID:3	67,2
2041170	ID:13	bCast#: 68
2041211	ID:7	68,0
2041211	ID:12	68,0
2041211	ID:17	68,0
2041211	ID:14	68,1
2041211	ID:18	68,0
2041212	ID:3	68,2
2041217	ID:4	68,1
2041218	ID:2	68,2
2041223	ID:9	68,0
2041223	ID:5	68,2
2041223	ID:10	68,0
2041224	ID:15	68,0
2041246	ID:23	68,0
2041246	ID:16	68,1
2041246	ID:22	68,2
2041246	ID:19	68,0
2041247	ID:24	68,2
2041253	ID:1	68,2
2041259	ID:20	68,1
2041264	ID:21	68,5
2041272	ID:6	68,0
2041277	ID:11	68,1
2071170	ID:13	bCast#: 69
2071180	ID:14	69,1
2071180	ID:12	69,0
2071180	ID:18	69,0
2071186	ID:17	69,0
2071186	ID:19	69,0
2071186	ID:23	69,0
2071186	ID:22	69,2
2071187	ID:11	69,1
2071195	ID:24	69,2
2071199	ID:15	69,0
2071213	ID:16	69,1
2071213	ID:7	69,0
2071214	ID:25	69,4
2071219	ID:3	69,2
2071219	ID:6	69,0
2071219	ID:10	69,0
2071222	ID:21	69,5
2071224	ID:1	69,2
2071233	ID:2	69,2
2071240	ID:20	69,1
2071243	ID:5	69,2
2071253	ID:4	69,1
2071253	ID:9	69,0
2101170	ID:13	bCast#: 70
2101203	ID:14	70,1
2101203	ID:12	70,0
2101203	ID:18	70,0
2101204	ID:8	70,2
2101204	ID:9	70,0
2101209	ID:4	70,1
2101210	ID:7	70,0
2101210	ID:3	70,2
2101218	ID:17	70,0
2101219	ID:11	70,1
2101226	ID:2	70,2
2101236	ID:6	70,0
2101236	ID:16	70,1
2101245	ID:21	70,5
2101246	ID:22	70,2
2101248	ID:19	70,0
2101248	ID:23	70,0
2101254	ID:15	70,0
2101254	ID:10	70,0
2101261	ID:5	70,2
2101266	ID:1	70,2
2101289	ID:24	70,2
2101289	ID:20	70,1
2101315	ID:25	70,4
2131170	ID:13	bCast#: 71
2131211	ID:14	71,1
2131211	ID:12	71,0
2131211	ID:18	71,0
2131211	ID:8	71,2
2131212	ID:7	71,0
2131220	ID:3	71,2
2131221	ID:9	71,0
2131221	ID:2	71,2
2131232	ID:17	71,0
2131232	ID:19	71,0
2131236	ID:23	71,0
2131237	ID:6	71,0
2131237	ID:11	71,1
2131238	ID:16	71,1
2131238	ID:22	71,2
2131246	ID:10	71,0
2131251	ID:1	71,2
2131251	ID:4	71,1
2131252	ID:5	71,2
2131252	ID:15	71,0
2131256	ID:21	71,5
2131273	ID:20	71,1
2131288	ID:24	71,2
2131315	ID:25	71,4
2161170	ID:13	bCast#: 72
2161180	ID:18	72,0
2161180	ID:9	72,0
2161180	ID:8	72,2
2161180	ID:7	72,0
2161180	ID:17	72,0
2161180	ID:14	72,1
2161180	ID:19	72,0
2161186	ID:6	72,0
2161186	ID:1	72,2
2161186	ID:23	72,0
2161186	ID:12	72,0
2161186	ID:2	72,2
2161186	ID:25	72,4
2161191	ID:10	72,0
2161191	ID:15	72,0
2161199	ID:21	72,5
2161203	ID:20	72,1
2161203	ID:24	72,2
2161208	ID:4	72,1
2161210	ID:22	72,2
2161210	ID:16	72,1
2161211	ID:11	72,1
2161213	ID:3	72,2
2161219	ID:5	72,2
2191170	ID:13	bCast#: 73
2191180	ID:18	73,0
2191180	ID:12	73,0
2191180	ID:8	73,2
2191201	ID:23	73,0
2191201	ID:19	73,0
2191201	ID:17	73,0
2191207	ID:21	73,5
2191207	ID:16	73,1
2191218	ID:22	73,2
2191222	ID:11	73,1
2191227	ID:7	73,0
2191228	ID:14	73,1
2191228	ID:4	73,1
2191229	ID:9	73,0
2191234	ID:24	73,2
2191234	ID:5	73,2
2191234	ID:3	73,2
2191234	ID:10	73,0
2191242	ID:20	73,1
2191242	ID:25	73,4
2191248	ID:15	73,0
2191250	ID:2	73,2
2191252	ID:6	73,0
2191266	ID:1	73,2
2221170	ID:13	bCast#: 74
2221203	ID:12	74,0
2221203	ID:7	74,0
2221203	ID:18	74,0
2221204	ID:14	74,1
2221221	ID:2	74,2
2221221	ID:8	74,2
2221221	ID:1	74,2
2221221	ID:6	74,0
2221221	ID:3	74,2
2221222	ID:9	74,0
2221222	ID:15	74,0
2221223	ID:19	74,0
2221223	ID:20	74,1
2221227	ID:4	74,1
2221235	ID:10	74,0
2221235	ID:5	74,2
2221240	ID:17	74,0
2221240	ID:23	74,0
2221242	ID:11	74,1
2221249	ID:24	74,2
2221249	ID:22	74,2
2221250	ID:16	74,1
2221254	ID:21	74,5
2221261	ID:25	74,4
2251170	ID:13	bCast#: 75
2251187	ID:12	75,0
2251188	ID:14	75,1
2251188	ID:8	75,2
2251188	ID:17	75,0
2251188	ID:11	75,1
2251203	ID:16	75,1
2251203	ID:7	75,0
2251203	ID:18	75,0
2251205	ID:6	75,0
2251207	ID:15	75,0
2251207	ID:10	75,0
2251207	ID:19	75,0
2251207	ID:9	75,0
2251211	ID:1	75,2
2251212	ID:3	75,2
2251213	ID:4	75,1
2251213	ID:5	75,2
2251215	ID:2	75,2
2251227	ID:20	75,1
2251230	ID:22	75,2
2251233	ID:25	75,4
2251233	ID:24	75,2
2251245	ID:23	75,0
2251264	ID:21	75,5
2281170	ID:13	bCast#: 76
2281188	ID:12	76,0
2281188	ID:8	76,2
2281188	ID:17	76,0
2281188	ID:7	76,0
2281188	ID:18	76,0
2281193	ID:6	76,0
2281194	ID:11	76,1
2281194	ID:1	76,2
2281204	ID:2	76,2
2281205	ID:3	76,2
2281205	ID:4	76,1
2281205	ID:9	76,0
2281205	ID:14	76,1
2281210	ID:15	76,0
2281211	ID:19	76,0
2281227	ID:20	76,1
2281229	ID:16	76,1
2281230	ID:21	76,5
2281230	ID:22	76,2
2281231	ID:10	76,0
2281232	ID:24	76,2
2281236	ID:23	76,0
2281239	ID:5	76,2
2281246	ID:25	76,4
2311170	ID:13	bCast#: 77
2311203	ID:12	77,0
2311203	ID:18	77,0
2311203	ID:7	77,0
2311203	ID:14	77,1
2311213	ID:1	77,2
2311213	ID:2	77,2
2311214	ID:8	77,2
2311219	ID:6	77,0
2311223	ID:9	77,0
2311223	ID:19	77,0
2311228	ID:11	77,1
2311239	ID:10	77,0
2311239	ID:4	77,1
2311239	ID:5	77,2
2311240	ID:23	77,0
2311240	ID:22	77,2
2311240	ID:24	77,2
2311240	ID:17	77,0
2311240	ID:16	77,1
2311251	ID:15	77,0
2311256	ID:21	77,5
2311258	ID:20	77,1
2311264	ID:25	77,4
2311269	ID:3	77,2
2341170	ID:13	bCast#: 78
2341174	ID:7	78,0
2341174	ID:14	78,1
2341174	ID:18	78,0
2341175	ID:8	78,2
2341175	ID:19	78,0
2341180	ID:6	78,0
2341180	ID:2	78,2
2341180	ID:23	78,0
2341180	ID:12	78,0
2341180	ID:17	78,0
2341186	ID:16	78,1
2341186	ID:24	78,2
2341196	ID:1	78,2
2341196	ID:3	78,2
2341200	ID:10	78,0
2341200	ID:15	78,0
2341203	ID:11	78,1
2341204	ID:20	78,1
2341205	ID:4	78,1
2341222	ID:9	78,0
2341222	ID:5	78,2
2341228	ID:25	78,4
2341237	ID:21	78,5
2341265	ID:22	78,2
2371170	ID:13	bCast#: 79
2371196	ID:18	79,0
2371196	ID:14	79,1
2371196	ID:8	79,2
2371196	ID:12	79,0
2371202	ID:3	79,2
2371202	ID:9	79,0
2371202	ID:7	79,0
2371208	ID:4	79,1
2371208	ID:23	79,0
2371208	ID:24	79,2
2371209	ID:17	79,0
2371209	ID:19	79,0
2371214	ID:5	79,2
2371215	ID:10	79,0
2371218	ID:20	79,1
2371218	ID:25	79,4
2371225	ID:22	79,2
2371229	ID:15	79,0
2371242	ID:11	79,1
2371242	ID:16	79,1
2371246	ID:6	79,0
2371246	ID:21	79,5
2371246	ID:2	79,2
2371259	ID:1	79,2
2401170	ID:13	bCast#: 80
2401203	ID:18	80,0
2401203	ID:8	80,2
2401203	ID:12	80,0
2401203	ID:14	80,1
2401204	ID:17	80,0
2401204	ID:22	80,2
2401216	ID:24	80,2
2401216	ID:19	80,0
2401216	ID:23	80,0
2401220	ID:9	80,0
2401220	ID:3	80,2
2401220	ID:7	80,0
2401220	ID:4	80,1
2401221	ID:10	80,0
2401226	ID:15	80,0
2401226	ID:5	80,2
2401234	ID:20	80,1
2401234	ID:2	80,2
2401238	ID:25	80,4
2401242	ID:16	80,1
2401242	ID:6	80,0
2401246	ID:1	80,2
2401250	ID:21	80,5
2431170	ID:13	bCast#: 81
2431180	ID:14	81,1
2431180	ID:8	81,2
2431180	ID:19	81,0
2431180	ID:9	81,0
2431189	ID:12	81,0
2431191	ID:3	81,2
2431203	ID:2	81,2
2431208	ID:10	81,0
2431226	ID:6	81,0
2431226	ID:18	81,0
2431226	ID:7	81,0
2431226	ID:11	81,2
2431226	ID:24	81,2
2431226	ID:20	81,1
2431226	ID:23	81,0
2431228	ID:15	81,0
2431228	ID:5	81,2
2431232	ID:25	81,4
2431232	ID:17	81,0
2431233	ID:4	81,1
2431241	ID:22	81,2
2431243	ID:1	81,2
2431247	ID:16	81,1
2461170	ID:13	bCast#: 82
2461188	ID:14	82,1
2461188	ID:18	82,0
2461188	ID:8	82,2
2461188	ID:12	82,0
2461203	ID:11	82,2
2461203	ID:17	82,0
2461209	ID:23	82,0
2461214	ID:9	82,0
2461214	ID:2	82,2
2461215	ID:20	82,1
2461215	ID:19	82,0
2461215	ID:15	82,0
2461234	ID:24	82,2
2461237	ID:16	82,1
2461238	ID:25	82,4
2461239	ID:4	82,1
2461239	ID:10	82,0
2461246	ID:5	82,2
2461246	ID:3	82,2
2461267	ID:7	82,0
2461267	ID:6	82,0
2461273	ID:1	82,2
2461284	ID:21	82,6
2461320	ID:22	82,2
2491170	ID:13	bCast#: 83
2491219	ID:14	83,1
2491219	ID:18	83,0
2491219	ID:8	83,2
2491219	ID:17	83,0
2491219	ID:7	83,0
2491219	ID:20	83,1
2491224	ID:19	83,0
2491225	ID:15	83,0
2491247	ID:23	83,0
2491248	ID:24	83,2
2491248	ID:12	83,0
2491248	ID:9	83,0
2491254	ID:16	83,1
2491254	ID:22	83,2
2491259	ID:10	83,0
2491267	ID:3	83,2
2491267	ID:4	83,1
2491268	ID:11	83,2
2491269	ID:25	83,4
2491276	ID:1	83,2
2491276	ID:6	83,0
2491276	ID:2	83,2
2491277	ID:21	83,6
2491278	ID:5	83,2
2521170	ID:13	bCast#: 84
2521196	ID:8	84,2
2521196	ID:12	84,0
2521196	ID:17	84,0
2521196	ID:14	84,1
2521196	ID:9	84,0
2521201	ID:4	84,1
2521201	ID:7	84,0
2521201	ID:3	84,2
2521214	ID:22	84,2
2521215	ID:23	84,0
2521215	ID:18	84,0
2521216	ID:19	84,0
2521220	ID:24	84,2
2521221	ID:6	84,0
2521223	ID:5	84,2
2521223	ID:10	84,0
2521229	ID:2	84,2
2521234	ID:11	84,2
2521235	ID:16	84,1
2521238	ID:15	84,0
2521240	ID:1	84,2
2521256	ID:21	84,6
2521257	ID:25	84,4
2521257	ID:20	84,1
2551170	ID:13	bCast#: 85
2551180	ID:17	85,0
2551180	ID:12	85,0
2551180	ID:14	85,1
2551180	ID:8	85,2
2551180	ID:9	85,0
2551180	ID:19	85,0
2551195	ID:11	85,2
2551195	ID:7	85,0
2551195	ID:16	85,1
2551195	ID:6	85,0
2551200	ID:4	85,1
2551200	ID:10	85,0
2551207	ID:15	85,0
2551207	ID:18	85,0
2551213	ID:20	85,1
2551213	ID:3	85,2
2551214	ID:2	85,2
2551214	ID:5	85,2
2551222	ID:21	85,6
2551230	ID:22	85,2
2551235	ID:1	85,2
2551237	ID:23	85,0
2551242	ID:24	85,2
2551253	ID:25	85,4
2581170	ID:13	bCast#: 86
2581196	ID:8	86,2
2581196	ID:12	86,0
2581196	ID:18	86,0
2581203	ID:16	86,1
2581203	ID:17	86,0
2581203	ID:7	86,0
2581205	ID:3	86,2
2581205	ID:9	86,0
2581205	ID:2	86,2
2581205	ID:10	86,0
2581205	ID:4	86,1
2581205	ID:14	86,1
2581210	ID:5	86,2
2581219	ID:15	86,0
2581221	ID:6	86,0
2581221	ID:11	86,2
2581227	ID:1	86,2
2581235	ID:20	86,1
2581235	ID:19	86,0
2581238	ID:21	86,6
2581238	ID:22	86,2
2581238	ID:23	86,0
2581241	ID:24	86,2
2581241	ID:25	86,4
2611170	ID:13	bCast#: 87
2611188	ID:18	87,0
2611188	ID:8	87,2
2611188	ID:14	87,1
2611188	ID:19	87,0
2611188	ID:9	87,0
2611194	ID:15	87,0
2611194	ID:10	87,0
2611194	ID:25	87,4
2611197	ID:7	87,0
2611197	ID:3	87,2
2611197	ID:2	87,2
2611197	ID:12	87,0
2611200	ID:23	87,0
2611200	ID:17	87,0
2611201	ID:24	87,2
2611201	ID:4	87,1
2611203	ID:11	87,2
2611207	ID:6	87,0
2611214	ID:16	87,1
2611214	ID:22	87,2
2611220	ID:1	87,2
2611230	ID:21	87,6
2611234	ID:20	87,1
2611243	ID:5	87,2
2641170	ID:13	bCast#: 88
2641180	ID:8	88,2
2641180	ID:14	88,1
2641180	ID:18	88,0
2641180	ID:19	88,0
2641180	ID:17	88,0
2641180	ID:9	88,0
2641180	ID:12	88,0
2641180	ID:3	88,2
2641195	ID:2	88,2
2641196	ID:1	88,2
2641200	ID:4	88,1
2641200	ID:10	88,0
2641200	ID:5	88,2
2641200	ID:23	88,0
2641203	ID:7	88,0
2641203	ID:11	88,2
2641209	ID:6	88,0
2641211	ID:20	88,1
2641211	ID:24	88,2
2641214	ID:16	88,1
2641221	ID:25	88,4
2641222	ID:15	88,0
2641241	ID:22	88,2
2671170	ID:13	bCast#: 89
2671211	ID:17	89,0
2671212	ID:14	89,1
2671217	ID:12	89,0
2671217	ID:18	89,0
2671217	ID:21	89,7
2671217	ID:22	89,2
2671217	ID:23	89,0
2671231	ID:9	89,0
2671231	ID:25	89,4
2671231	ID:10	89,0
2671231	ID:19	89,0
2671231	ID:15	89,0
2671234	ID:16	89,1
2671242	ID:11	89,2
2671242	ID:6	89,0
2671243	ID:20	89,1
2671243	ID:5	89,2
2671257	ID:24	89,2
2671266	ID:7	89,0
2671270	ID:8	89,2
2671276	ID:2	89,2
2671281	ID:3	89,2
2671281	ID:1	89,2
2671321	ID:4	89,1
2701170	ID:13	bCast#: 90
2701180	ID:18	90,0
2701180	ID:8	90,2
2701180	ID:12	90,0
2701189	ID:7	90,0
2701189	ID:9	90,0
2701191	ID:3	90,2
2701194	ID:6	90,0
2701195	ID:2	90,2
2701195	ID:1	90,2
2701208	ID:4	90,1
2701224	ID:17	90,0
2701224	ID:19	90,0
2701224	ID:23	90,0
2701224	ID:14	90,1
2701224	ID:22	90,2
2701226	ID:11	90,2
2701230	ID:24	90,2
2701231	ID:5	90,2
2701235	ID:25	90,4
2701246	ID:21	90,7
2701246	ID:16	90,1
2701261	ID:10	90,0
2701282	ID:15	90,0
2701287	ID:20	90,1
2731170	ID:13	bCast#: 91
2731180	ID:8	91,2
2731180	ID:18	91,0
2731180	ID:12	91,0
2731180	ID:14	91,1
2731180	ID:17	91,0
2731186	ID:7	91,0
2731186	ID:11	91,2
2731186	ID:16	91,1
2731214	ID:23	91,0
2731222	ID:9	91,0
2731222	ID:10	91,0
2731222	ID:15	91,0
2731222	ID:20	91,1
2731222	ID:19	91,0
2731228	ID:5	91,2
2731228	ID:4	91,1
2731229	ID:2	91,2
2731229	ID:3	91,2
2731229	ID:1	91,2
2731229	ID:6	91,0
2731257	ID:24	91,2
2731257	ID:22	91,2
2731268	ID:25	91,4
2731303	ID:21	91,7
2761170	ID:13	bCast#: 92
2761180	ID:12	92,0
2761180	ID:8	92,2
2761180	ID:18	92,0
2761186	ID:4	92,1
2761186	ID:9	92,0
2761186	ID:14	92,1
2761191	ID:3	92,2
2761200	ID:10	92,0
2761203	ID:7	92,0
2761203	ID:11	92,2
2761203	ID:17	92,0
2761224	ID:19	92,0
2761224	ID:23	92,0
2761224	ID:22	92,2
2761228	ID:6	92,0
2761228	ID:16	92,1
2761238	ID:21	92,7
2761238	ID:15	92,0
2761242	ID:2	92,2
2761243	ID:5	92,2
2761257	ID:20	92,1
2761257	ID:24	92,2
2761266	ID:1	92,2
2761284	ID:25	92,4
2791170	ID:13	bCast#: 93
2791219	ID:12	93,0
2791219	ID:8	93,2
2791219	ID:14	93,1
2791219	ID:17	93,0
2791219	ID:18	93,0
2791219	ID:3	93,2
2791219	ID:9	93,0
2791219	ID:19	93,0
2791224	ID:11	93,2
2791225	ID:15	93,0
2791225	ID:16	93,1
2791225	ID:4	93,1
2791225	ID:6	93,0
2791225	ID:2	93,2
2791225	ID:10	93,0
2791225	ID:7	93,0
2791230	ID:21	93,7
2791242	ID:1	93,2
2791243	ID:5	93,2
2791247	ID:23	93,0
2791248	ID:24	93,2
2791249	ID:22	93,2
2791259	ID:20	93,1
2791264	ID:25	93,4
2821170	ID:13	bCast#: 94
2821219	ID:18	94,0
2821219	ID:8	94,2
2821219	ID:12	94,0
2821219	ID:9	94,0
2821219	ID:14	94,1
2821225	ID:19	94,0
2821225	ID:15	94,0
2821228	ID:4	94,1
2821228	ID:3	94,2
2821228	ID:1	94,2
2821234	ID:2	94,2
2821234	ID:11	94,2
2821234	ID:7	94,0
2821234	ID:17	94,0
2821241	ID:24	94,2
2821242	ID:20	94,1
2821246	ID:5	94,2
2821247	ID:23	94,0
2821247	ID:25	94,4
2821248	ID:6	94,0
2821251	ID:10	94,0
2821254	ID:21	94,7
2821254	ID:16	94,1
2821265	ID:22	94,2
2851170	ID:13	bCast#: 95
2851196	ID:8	95,2
2851196	ID:12	95,0
2851196	ID:14	95,1
2851196	ID:22	95,2
2851205	ID:7	95,0
2851205	ID:2	95,2
2851205	ID:9	95,0
2851207	ID:18	95,0
2851207	ID:19	95,0
2851211	ID:1	95,2
2851212	ID:3	95,2
2851213	ID:24	95,2
2851213	ID:25	95,4
2851213	ID:6	95,0
2851213	ID:11	95,2
2851219	ID:16	95,1
2851223	ID:10	95,0
2851223	ID:5	95,2
2851225	ID:21	95,7
2851225	ID:17	95,0
2851229	ID:20	95,1
2851230	ID:4	95,1
2851235	ID:15	95,0
2851237	ID:23	95,0
2881170	ID:13	bCast#: 96
2881196	ID:12	96,0
2881196	ID:3	96,2
2881196	ID:8	96,2
2881196	ID:14	96,1
2881196	ID:18	96,0
2881202	ID:17	96,0
2881202	ID:23	96,0
2881202	ID:19	96,0
2881210	ID:7	96,0
2881211	ID:11	96,2
2881211	ID:6	96,0
2881211	ID:2	96,2
2881214	ID:16	96,1
2881215	ID:21	96,7
2881215	ID:22	96,2
2881216	ID:1	96,2
2881218	ID:24	96,2
2881218	ID:20	96,1
2881220	ID:9	96,0
2881226	ID:10	96,0
2881226	ID:4	96,1
2881237	ID:15	96,0
2881237	ID:25	96,4
2881254	ID:5	96,2
2911170	ID:13	bCast#: 97
2911203	ID:14	97,1
2911203	ID:18	97,0
2911203	ID:8	97,2
2911203	ID:12	97,0
2911204	ID:17	97,0
2911228	ID:3	97,2
2911229	ID:9	97,0
2911229	ID:6	97,0
2911231	ID:19	97,0
2911231	ID:15	97,0
2911234	ID:11	97,2
2911234	ID:7	97,0
2911239	ID:4	97,1
2911239	ID:10	97,0
2911240	ID:23	97,0
2911240	ID:22	97,2
2911242	ID:24	97,2
2911243	ID:20	97,1
2911246	ID:16	97,1
2911250	ID:1	97,2
2911264	ID:21	97,7
2911264	ID:2	97,2
2911276	ID:25	97,4
2911285	ID:5	97,2
2941170	ID:13	bCast#: 98
2941219	ID:12	98,0
2941219	ID:18	98,0
2941219	ID:8	98,2
2941219	ID:19	98,0
2941228	ID:3	98,2
2941228	ID:9	98,0
2941228	ID:7	98,0
2941238	ID:2	98,2
2941238	ID:6	98,0
2941238	ID:11	98,2
2941249	ID:14	98,1
2941249	ID:20	98,1
2941249	ID:24	98,2
2941249	ID:23	98,0
2941255	ID:10	98,0
2941258	ID:1	98,2
2941260	ID:16	98,1
2941260	ID:25	98,4
2941270	ID:15	98,0
2941270	ID:4	98,1
2941271	ID:22	98,2
2941293	ID:5	98,2
2941303	ID:21	98,7
2941303	ID:17	98,0
2971170	ID:13	bCast#: 99
2971181	ID:12	99,0
2971181	ID:8	99,2
2971181	ID:18	99,0
2971181	ID:14	99,1
2971187	ID:9	99,0
2971192	ID:3	99,2
2971197	ID:2	99,2
2971197	ID:4	99,1
2971198	ID:7	99,0
2971198	ID:6	99,0
2971205	ID:1	99,2
2971207	ID:5	99,2
2971207	ID:15	99,0
2971207	ID:10	99,0
2971211	ID:11	99,2
2971216	ID:19	99,0
2971216	ID:17	99,0
2971216	ID:24	99,2
2971227	ID:20	99,1
2971244	ID:16	99,1
2971246	ID:21	99,7
2971246	ID:22	99,2
2971253	ID:25	99,4
2971268	ID:23	99,0
3001170	ID:13	bCast#: 100
3001196	ID:8	100,2
3001196	ID:19	100,0
3001196	ID:14	100,1
3001196	ID:17	100,0
3001197	ID:7	100,0
3001202	ID:9	100,0
3001202	ID:3	100,2
3001202	ID:2	100,2
3001202	ID:18	100,0
3001202	ID:23	100,0
3001206	ID:1	100,2
3001206	ID:12	100,0
3001206	ID:6	100,0
3001207	ID:15	100,0
3001207	ID:20	100,1
3001213	ID:25	100,4
3001228	ID:10	100,0
3001232	ID:22	100,2
3001234	ID:11	100,2
3001235	ID:16	100,1
3001251	ID:5	100,2
3001261	ID:4	100,1
