30753	ID:25	bCast#: 1
30764	ID:18	1,0
30764	ID:19	1,0
30764	ID:23	1,0
30764	ID:28	1,0
30764	ID:31	1,0
30764	ID:17	1,0
30764	ID:24	1,0
30764	ID:26	1,0
30764	ID:11	1,0
30764	ID:33	1,0
30764	ID:39	1,0
30764	ID:32	1,0
30771	ID:4	1,0
30771	ID:6	1,0
30771	ID:12	1,0
30771	ID:13	1,0
30771	ID:3	1,0
30771	ID:10	1,0
30775	ID:30	1,0
30775	ID:46	1,0
30777	ID:16	1,0
30777	ID:15	1,0
30777	ID:38	1,0
30784	ID:37	1,0
30784	ID:44	1,0
30784	ID:45	1,0
30784	ID:20	1,0
30784	ID:27	1,0
30784	ID:21	1,0
30784	ID:41	1,0
30790	ID:40	1,0
30790	ID:2	1,0
30790	ID:9	1,0
30790	ID:5	1,0
30790	ID:35	1,0
30791	ID:14	1,0
30792	ID:34	1,0
30797	ID:42	1,0
30797	ID:7	1,0
30798	ID:8	1,0
30799	ID:22	1,0
30799	ID:29	1,0
30804	ID:48	1,0
30804	ID:49	1,0
30804	ID:1	1,0
30809	ID:47	1,0
30819	ID:36	1,0
30819	ID:43	1,0
60753	ID:25	bCast#: 2
60787	ID:33	2,0
60787	ID:18	2,0
60787	ID:19	2,0
60787	ID:11	2,0
60787	ID:24	2,0
60787	ID:26	2,0
60788	ID:17	2,0
60788	ID:32	2,0
60788	ID:31	2,0
60788	ID:3	2,0
60788	ID:40	2,0
60788	ID:34	2,0
60788	ID:16	2,0
60793	ID:41	2,0
60793	ID:28	2,0
60793	ID:4	2,0
60793	ID:21	2,0
60793	ID:10	2,0
60793	ID:12	2,0
60793	ID:20	2,0
60794	ID:39	2,0
60794	ID:5	2,0
60794	ID:35	2,0
60799	ID:7	2,0
60799	ID:14	2,0
60799	ID:13	2,0
60800	ID:27	2,0
60804	ID:6	2,0
60808	ID:23	2,0
60808	ID:30	2,0
60808	ID:38	2,0
60810	ID:48	2,0
60811	ID:42	2,0
60813	ID:2	2,0
60813	ID:9	2,0
60813	ID:1	2,0
60815	ID:49	2,0
60818	ID:47	2,0
60818	ID:44	2,0
60818	ID:45	2,0
60818	ID:37	2,0
60819	ID:8	2,0
60819	ID:36	2,0
60820	ID:15	2,0
60821	ID:46	2,0
60824	ID:43	2,0
60835	ID:22	2,0
60837	ID:29	2,0
90753	ID:25	bCast#: 3
90758	ID:23	3,0
90758	ID:19	3,0
90758	ID:26	3,0
90758	ID:33	3,0
90758	ID:18	3,0
90758	ID:24	3,0
90758	ID:32	3,0
90759	ID:17	3,0
90764	ID:22	3,0
90765	ID:30	3,0
90765	ID:16	3,0
90765	ID:9	3,0
90765	ID:31	3,0
90765	ID:3	3,0
90765	ID:36	3,0
90766	ID:37	3,0
90769	ID:34	3,0
90769	ID:40	3,0
90769	ID:41	3,0
90769	ID:39	3,0
90769	ID:15	3,0
90770	ID:11	3,0
90770	ID:45	3,0
90770	ID:8	3,0
90771	ID:10	3,0
90774	ID:28	3,0
90774	ID:27	3,0
90774	ID:42	3,0
90774	ID:35	3,0
90775	ID:12	3,0
90775	ID:20	3,0
90775	ID:21	3,0
90781	ID:2	3,0
90781	ID:5	3,0
90782	ID:4	3,0
90783	ID:1	3,0
90784	ID:38	3,0
90784	ID:43	3,0
90784	ID:44	3,0
90785	ID:29	3,0
90786	ID:47	3,0
90787	ID:48	3,0
90787	ID:6	3,0
90788	ID:13	3,0
90789	ID:46	3,0
90797	ID:7	3,0
90797	ID:14	3,0
90810	ID:49	3,0
120753	ID:25	bCast#: 4
120803	ID:32	4,0
120803	ID:24	4,0
120803	ID:19	4,0
120803	ID:33	4,0
120803	ID:18	4,0
120803	ID:26	4,0
120803	ID:31	4,0
120804	ID:22	4,0
120804	ID:20	4,0
120809	ID:21	4,0
120809	ID:12	4,0
120809	ID:27	4,0
120810	ID:13	4,0
120810	ID:41	4,0
120811	ID:15	4,0
120811	ID:23	4,0
120811	ID:16	4,0
120811	ID:8	4,0
120811	ID:29	4,0
120811	ID:30	4,0
120813	ID:38	4,0
120813	ID:39	4,0
120813	ID:40	4,0
120818	ID:48	4,0
120818	ID:35	4,0
120818	ID:42	4,0
120818	ID:46	4,0
120818	ID:47	4,0
120818	ID:49	4,0
120818	ID:34	4,0
120819	ID:28	4,0
120824	ID:2	4,0
120824	ID:9	4,0
120824	ID:17	4,0
120824	ID:10	4,0
120825	ID:45	4,0
120829	ID:4	4,0
120829	ID:3	4,0
120830	ID:11	4,0
120834	ID:44	4,0
120834	ID:37	4,0
120839	ID:5	4,0
120840	ID:6	4,0
120844	ID:14	4,0
120847	ID:36	4,0
120849	ID:43	4,0
120853	ID:1	4,0
120867	ID:7	4,0
150753	ID:25	bCast#: 5
150771	ID:32	5,0
150772	ID:26	5,0
150772	ID:33	5,0
150772	ID:18	5,0
150772	ID:19	5,0
150772	ID:31	5,0
150772	ID:24	5,0
150772	ID:17	5,0
150772	ID:10	5,0
150777	ID:40	5,0
150777	ID:27	5,0
150778	ID:39	5,0
150778	ID:46	5,0
150778	ID:48	5,0
150782	ID:45	5,0
150783	ID:21	5,0
150783	ID:28	5,0
150783	ID:20	5,0
150783	ID:35	5,0
150783	ID:34	5,0
150784	ID:42	5,0
150784	ID:49	5,0
150784	ID:47	5,0
150784	ID:41	5,0
150786	ID:38	5,0
150786	ID:16	5,0
150786	ID:11	5,0
150786	ID:12	5,0
150787	ID:4	5,0
150792	ID:15	5,0
150792	ID:8	5,0
150792	ID:22	5,0
150792	ID:9	5,0
150792	ID:30	5,0
150792	ID:1	5,0
150792	ID:23	5,0
150792	ID:2	5,0
150795	ID:36	5,0
150795	ID:43	5,0
150795	ID:44	5,0
150796	ID:29	5,0
150799	ID:3	5,0
150799	ID:5	5,0
150799	ID:37	5,0
150806	ID:13	5,0
150808	ID:14	5,0
150813	ID:6	5,0
150813	ID:7	5,0
180753	ID:25	bCast#: 6
180771	ID:33	6,0
180771	ID:17	6,0
180772	ID:18	6,0
180772	ID:24	6,0
180772	ID:32	6,0
180772	ID:19	6,0
180772	ID:26	6,0
180772	ID:11	6,0
180772	ID:27	6,0
180778	ID:35	6,0
180778	ID:34	6,0
180778	ID:28	6,0
180778	ID:21	6,0
180778	ID:20	6,0
180779	ID:4	6,0
180779	ID:31	6,0
180779	ID:10	6,0
180783	ID:3	6,0
180784	ID:5	6,0
180784	ID:13	6,0
180784	ID:12	6,0
180784	ID:6	6,0
180784	ID:9	6,0
180789	ID:39	6,0
180789	ID:40	6,0
180790	ID:8	6,0
180790	ID:16	6,0
180790	ID:41	6,0
180790	ID:1	6,0
180790	ID:15	6,0
180792	ID:23	6,0
180793	ID:37	6,0
180793	ID:30	6,0
180793	ID:22	6,0
180796	ID:2	6,0
180798	ID:29	6,0
180802	ID:47	6,0
180802	ID:48	6,0
180802	ID:42	6,0
180812	ID:7	6,0
180812	ID:14	6,0
180815	ID:46	6,0
180815	ID:45	6,0
180815	ID:38	6,0
180821	ID:44	6,0
180831	ID:36	6,0
180832	ID:49	6,0
180872	ID:43	6,0
210753	ID:25	bCast#: 7
210779	ID:33	7,0
210779	ID:26	7,0
210779	ID:17	7,0
210779	ID:24	7,0
210779	ID:19	7,0
210780	ID:23	7,0
210780	ID:18	7,0
210780	ID:32	7,0
210780	ID:31	7,0
210780	ID:12	7,0
210785	ID:16	7,0
210785	ID:10	7,0
210785	ID:34	7,0
210785	ID:40	7,0
210785	ID:41	7,0
210785	ID:39	7,0
210785	ID:11	7,0
210786	ID:3	7,0
210786	ID:4	7,0
210786	ID:27	7,0
210786	ID:29	7,0
210786	ID:35	7,0
210786	ID:38	7,0
210789	ID:15	7,0
210789	ID:22	7,0
210790	ID:30	7,0
210790	ID:45	7,0
210791	ID:9	7,0
210791	ID:47	7,0
210791	ID:46	7,0
210791	ID:48	7,0
210791	ID:28	7,0
210791	ID:42	7,0
210792	ID:37	7,0
210792	ID:21	7,0
210797	ID:36	7,0
210797	ID:43	7,0
210797	ID:44	7,0
210797	ID:8	7,0
210797	ID:20	7,0
210797	ID:13	7,0
210798	ID:14	7,0
210798	ID:2	7,0
210803	ID:5	7,0
210803	ID:6	7,0
210803	ID:7	7,0
210808	ID:49	7,0
210814	ID:1	7,0
240753	ID:25	bCast#: 8
240764	ID:24	8,0
240764	ID:18	8,0
240764	ID:26	8,0
240764	ID:33	8,0
240764	ID:19	8,0
240764	ID:31	8,0
240764	ID:11	8,0
240764	ID:17	8,0
240764	ID:32	8,0
240769	ID:27	8,0
240769	ID:38	8,0
240769	ID:34	8,0
240769	ID:30	8,0
240770	ID:23	8,0
240770	ID:13	8,0
240770	ID:39	8,0
240770	ID:36	8,0
240773	ID:12	8,0
240773	ID:21	8,0
240773	ID:20	8,0
240774	ID:14	8,0
240774	ID:6	8,0
240779	ID:7	8,0
240781	ID:40	8,0
240782	ID:46	8,0
240782	ID:44	8,0
240782	ID:45	8,0
240782	ID:22	8,0
240782	ID:42	8,0
240782	ID:37	8,0
240787	ID:48	8,0
240787	ID:35	8,0
240787	ID:41	8,0
240791	ID:4	8,0
240791	ID:5	8,0
240791	ID:10	8,0
240791	ID:2	8,0
240791	ID:3	8,0
240792	ID:28	8,0
240792	ID:8	8,0
240793	ID:47	8,0
240793	ID:49	8,0
240797	ID:1	8,0
240798	ID:9	8,0
240798	ID:16	8,0
240803	ID:15	8,0
240808	ID:29	8,0
240810	ID:43	8,0
270753	ID:25	bCast#: 9
270803	ID:17	9,0
270803	ID:32	9,0
270803	ID:19	9,0
270803	ID:18	9,0
270803	ID:31	9,0
270803	ID:33	9,0
270803	ID:24	9,0
270803	ID:26	9,0
270803	ID:27	9,0
270804	ID:34	9,0
270809	ID:6	9,0
270809	ID:5	9,0
270809	ID:13	9,0
270809	ID:20	9,0
270809	ID:4	9,0
270809	ID:16	9,0
270813	ID:39	9,0
270813	ID:38	9,0
270813	ID:40	9,0
270813	ID:41	9,0
270814	ID:7	9,0
270820	ID:14	9,0
270821	ID:21	9,0
270822	ID:35	9,0
270822	ID:28	9,0
270824	ID:15	9,0
270824	ID:9	9,0
270824	ID:10	9,0
270824	ID:22	9,0
270824	ID:3	9,0
270824	ID:23	9,0
270824	ID:30	9,0
270824	ID:11	9,0
270831	ID:42	9,0
270831	ID:48	9,0
270834	ID:45	9,0
270834	ID:29	9,0
270834	ID:37	9,0
270836	ID:2	9,0
270837	ID:8	9,0
270837	ID:47	9,0
270841	ID:1	9,0
270842	ID:44	9,0
270842	ID:46	9,0
270842	ID:36	9,0
270849	ID:43	9,0
270865	ID:49	9,0
300754	ID:25	bCast#: 10
300795	ID:18	10,0
300795	ID:19	10,0
300795	ID:26	10,0
300795	ID:33	10,0
300795	ID:24	10,0
300795	ID:17	10,0
300795	ID:31	10,0
300795	ID:23	10,0
300795	ID:32	10,0
300796	ID:30	10,0
300796	ID:39	10,0
300801	ID:27	10,0
300801	ID:11	10,0
300801	ID:22	10,0
300801	ID:16	10,0
300801	ID:10	10,0
300801	ID:34	10,0
300801	ID:15	10,0
300801	ID:45	10,0
300801	ID:2	10,0
300801	ID:9	10,0
300802	ID:8	10,0
300807	ID:3	10,0
300807	ID:1	10,0
300808	ID:40	10,0
300808	ID:28	10,0
300808	ID:42	10,0
300808	ID:41	10,0
300808	ID:46	10,0
300813	ID:38	10,0
300817	ID:47	10,0
300818	ID:44	10,0
300818	ID:43	10,0
300819	ID:37	10,0
300820	ID:4	10,0
300821	ID:12	10,1
300823	ID:48	10,0
300827	ID:49	10,0
300828	ID:35	10,0
300829	ID:29	10,0
300829	ID:36	10,0
300836	ID:5	10,0
300836	ID:21	10,0
300836	ID:20	10,0
300838	ID:6	10,0
300838	ID:13	10,0
300841	ID:14	10,0
300848	ID:7	10,0
330754	ID:25	bCast#: 11
330763	ID:18	11,0
330764	ID:17	11,0
330764	ID:23	11,0
330764	ID:24	11,0
330764	ID:19	11,0
330764	ID:31	11,0
330764	ID:30	11,0
330764	ID:26	11,0
330764	ID:33	11,0
330764	ID:45	11,0
330764	ID:32	11,0
330770	ID:46	11,0
330770	ID:44	11,0
330770	ID:43	11,0
330770	ID:38	11,0
330770	ID:39	11,0
330771	ID:37	11,0
330773	ID:27	11,0
330773	ID:20	11,0
330773	ID:21	11,0
330773	ID:11	11,0
330773	ID:4	11,0
330773	ID:12	11,1
330774	ID:28	11,0
330777	ID:40	11,0
330777	ID:34	11,0
330777	ID:41	11,0
330777	ID:9	11,0
330777	ID:10	11,0
330777	ID:16	11,0
330779	ID:36	11,0
330779	ID:13	11,0
330779	ID:14	11,0
330781	ID:7	11,0
330782	ID:29	11,0
330783	ID:22	11,0
330783	ID:2	11,0
330783	ID:3	11,0
330783	ID:35	11,0
330783	ID:47	11,0
330784	ID:5	11,0
330784	ID:6	11,0
330786	ID:48	11,0
330786	ID:42	11,0
330789	ID:1	11,0
330789	ID:8	11,0
330789	ID:49	11,0
330789	ID:15	11,0
360754	ID:25	bCast#: 12
360779	ID:18	12,0
360779	ID:24	12,0
360779	ID:19	12,0
360780	ID:32	12,0
360780	ID:26	12,0
360780	ID:31	12,0
360780	ID:39	12,0
360780	ID:34	12,0
360780	ID:15	12,0
360785	ID:10	12,0
360785	ID:5	12,0
360785	ID:17	12,0
360785	ID:11	12,0
360785	ID:46	12,0
360786	ID:40	12,0
360786	ID:44	12,0
360786	ID:33	12,0
360786	ID:38	12,0
360786	ID:45	12,0
360791	ID:47	12,0
360791	ID:48	12,0
360791	ID:41	12,0
360792	ID:43	12,0
360792	ID:37	12,0
360792	ID:36	12,0
360792	ID:27	12,0
360797	ID:49	12,0
360799	ID:28	12,0
360799	ID:35	12,0
360799	ID:21	12,0
360799	ID:20	12,0
360800	ID:12	12,1
360802	ID:23	12,0
360802	ID:42	12,0
360802	ID:30	12,0
360802	ID:22	12,0
360805	ID:6	12,0
360805	ID:13	12,0
360807	ID:29	12,0
360807	ID:16	12,0
360808	ID:9	12,0
360808	ID:3	12,0
360820	ID:7	12,0
360820	ID:14	12,0
360821	ID:8	12,0
360822	ID:1	12,0
360822	ID:4	12,0
360827	ID:2	12,0
390754	ID:25	bCast#: 13
390788	ID:31	13,0
390788	ID:32	13,0
390788	ID:24	13,0
390788	ID:26	13,0
390788	ID:18	13,0
390788	ID:33	13,0
390788	ID:23	13,0
390788	ID:11	13,0
390788	ID:27	13,0
390788	ID:20	13,0
390788	ID:37	13,0
390794	ID:21	13,0
390794	ID:12	13,1
390794	ID:14	13,0
390794	ID:6	13,0
390800	ID:39	13,0
390800	ID:41	13,0
390800	ID:40	13,0
390800	ID:4	13,0
390800	ID:28	13,0
390800	ID:5	13,0
390800	ID:34	13,0
390800	ID:19	13,0
390800	ID:13	13,0
390800	ID:3	13,0
390800	ID:10	13,0
390800	ID:38	13,0
390800	ID:43	13,0
390800	ID:30	13,0
390800	ID:36	13,0
390801	ID:9	13,0
390801	ID:45	13,0
390801	ID:44	13,0
390801	ID:29	13,0
390801	ID:47	13,0
390806	ID:46	13,0
390806	ID:22	13,0
390807	ID:16	13,0
390807	ID:17	13,0
390809	ID:48	13,0
390810	ID:42	13,0
390810	ID:15	13,0
390816	ID:8	13,0
390819	ID:49	13,0
390819	ID:35	13,0
390821	ID:7	13,0
390824	ID:1	13,0
390833	ID:2	13,0
420754	ID:25	bCast#: 14
420803	ID:31	14,0
420803	ID:32	14,0
420803	ID:18	14,0
420803	ID:26	14,0
420803	ID:33	14,0
420803	ID:24	14,0
420803	ID:19	14,0
420804	ID:17	14,0
420809	ID:39	14,0
420809	ID:38	14,0
420809	ID:46	14,0
420809	ID:10	14,0
420810	ID:23	14,0
420815	ID:47	14,0
420815	ID:22	14,0
420815	ID:37	14,0
420815	ID:15	14,0
420815	ID:29	14,0
420815	ID:30	14,0
420815	ID:16	14,0
420816	ID:34	14,0
420816	ID:48	14,0
420816	ID:9	14,0
420821	ID:28	14,0
420821	ID:8	14,0
420821	ID:2	14,0
420821	ID:41	14,0
420821	ID:27	14,0
420821	ID:42	14,0
420821	ID:35	14,0
420822	ID:21	14,0
420823	ID:45	14,0
420824	ID:43	14,0
420824	ID:44	14,0
420824	ID:36	14,0
420831	ID:20	14,0
420831	ID:40	14,0
420832	ID:49	14,0
420847	ID:14	14,0
420847	ID:13	14,0
420851	ID:11	14,0
420851	ID:12	14,1
420853	ID:3	14,0
420853	ID:4	14,0
420860	ID:7	14,0
420860	ID:6	14,0
420864	ID:1	14,0
420882	ID:5	14,0
450754	ID:25	bCast#: 15
450787	ID:32	15,0
450787	ID:31	15,0
450787	ID:18	15,0
450788	ID:19	15,0
450788	ID:24	15,0
450788	ID:26	15,0
450788	ID:17	15,0
450788	ID:34	15,0
450788	ID:13	15,0
450793	ID:16	15,0
450793	ID:15	15,0
450794	ID:11	15,0
450794	ID:33	15,0
450794	ID:21	15,0
450794	ID:35	15,0
450794	ID:27	15,0
450794	ID:41	15,0
450794	ID:10	15,0
450794	ID:48	15,0
450795	ID:12	15,1
450795	ID:40	15,0
450795	ID:39	15,0
450799	ID:42	15,0
450800	ID:2	15,0
450800	ID:3	15,0
450800	ID:4	15,0
450800	ID:28	15,0
450804	ID:38	15,0
450804	ID:23	15,0
450804	ID:30	15,0
450808	ID:5	15,0
450808	ID:6	15,0
450809	ID:46	15,0
450810	ID:29	15,0
450810	ID:36	15,0
450810	ID:37	15,0
450810	ID:22	15,0
450814	ID:20	15,0
450814	ID:9	15,0
450815	ID:45	15,0
450815	ID:47	15,0
450815	ID:43	15,0
450820	ID:49	15,0
450820	ID:14	15,0
450827	ID:44	15,0
450828	ID:7	15,0
450884	ID:1	15,0
450920	ID:8	15,0
480754	ID:25	bCast#: 16
480764	ID:18	16,0
480764	ID:31	16,0
480764	ID:19	16,0
480764	ID:26	16,0
480764	ID:32	16,0
480764	ID:17	16,0
480764	ID:23	16,0
480764	ID:24	16,0
480764	ID:37	16,0
480764	ID:11	16,0
480769	ID:4	16,0
480769	ID:46	16,0
480769	ID:33	16,0
480769	ID:38	16,0
480769	ID:39	16,0
480769	ID:12	16,1
480770	ID:41	16,0
480770	ID:16	16,0
480770	ID:22	16,0
480771	ID:40	16,0
480774	ID:30	16,0
480774	ID:29	16,0
480777	ID:3	16,0
480777	ID:5	16,0
480777	ID:10	16,0
480783	ID:27	16,0
480783	ID:20	16,0
480795	ID:47	16,0
480795	ID:48	16,0
480795	ID:42	16,0
480795	ID:44	16,0
480795	ID:34	16,0
480797	ID:28	16,0
480800	ID:15	16,0
480800	ID:8	16,0
480800	ID:9	16,0
480800	ID:2	16,0
480801	ID:43	16,0
480801	ID:45	16,0
480808	ID:6	16,0
480808	ID:7	16,0
480809	ID:36	16,0
480812	ID:49	16,0
480812	ID:35	16,0
480815	ID:14	16,0
480816	ID:21	16,0
480816	ID:13	16,0
480829	ID:1	16,0
510754	ID:25	bCast#: 17
510787	ID:18	17,0
510787	ID:19	17,0
510787	ID:17	17,0
510788	ID:24	17,0
510788	ID:32	17,0
510788	ID:26	17,0
510788	ID:27	17,0
510788	ID:33	17,0
510793	ID:39	17,0
510794	ID:31	17,0
510794	ID:41	17,0
510794	ID:38	17,0
510794	ID:37	17,0
510796	ID:11	17,0
510796	ID:20	17,0
510797	ID:21	17,0
510797	ID:6	17,0
510800	ID:36	17,0
510800	ID:22	17,0
510800	ID:30	17,0
510800	ID:44	17,0
510800	ID:29	17,0
510805	ID:23	17,0
510806	ID:15	17,0
510806	ID:8	17,0
510806	ID:16	17,0
510806	ID:34	17,0
510806	ID:35	17,0
510807	ID:28	17,0
510807	ID:12	17,1
510807	ID:40	17,0
510812	ID:14	17,0
510812	ID:42	17,0
510812	ID:49	17,0
510816	ID:48	17,0
510820	ID:4	17,0
510820	ID:7	17,0
510820	ID:5	17,0
510820	ID:13	17,0
510824	ID:43	17,0
510826	ID:45	17,0
510826	ID:46	17,0
510829	ID:1	17,0
510830	ID:9	17,0
510831	ID:2	17,0
510831	ID:47	17,0
510832	ID:10	17,0
510841	ID:3	17,0
540754	ID:25	bCast#: 18
540779	ID:19	18,0
540779	ID:17	18,0
540779	ID:18	18,0
540780	ID:33	18,0
540780	ID:26	18,0
540780	ID:32	18,0
540780	ID:24	18,0
540780	ID:31	18,0
540787	ID:12	18,1
540787	ID:11	18,0
540787	ID:16	18,0
540791	ID:27	18,0
540791	ID:20	18,0
540791	ID:21	18,0
540791	ID:34	18,0
540792	ID:30	18,0
540792	ID:23	18,0
540792	ID:5	18,0
540793	ID:4	18,0
540793	ID:9	18,0
540793	ID:39	18,0
540797	ID:6	18,0
540797	ID:14	18,0
540797	ID:28	18,0
540798	ID:13	18,0
540798	ID:29	18,0
540798	ID:36	18,0
540798	ID:38	18,0
540798	ID:37	18,0
540799	ID:40	18,0
540799	ID:45	18,0
540799	ID:46	18,0
540799	ID:47	18,0
540800	ID:8	18,0
540800	ID:15	18,0
540801	ID:22	18,0
540803	ID:7	18,0
540803	ID:43	18,0
540803	ID:44	18,0
540805	ID:48	18,0
540805	ID:41	18,0
540806	ID:1	18,0
540806	ID:2	18,0
540808	ID:10	18,0
540808	ID:3	18,0
540811	ID:42	18,0
540811	ID:49	18,0
540811	ID:35	18,0
570754	ID:25	bCast#: 19
570779	ID:33	19,0
570779	ID:32	19,0
570779	ID:17	19,0
570779	ID:24	19,0
570779	ID:18	19,0
570779	ID:31	19,0
570780	ID:19	19,0
570780	ID:26	19,0
570780	ID:11	19,0
570780	ID:38	19,0
570780	ID:30	19,0
570780	ID:39	19,0
570785	ID:10	19,0
570785	ID:9	19,0
570785	ID:16	19,0
570786	ID:3	19,0
570790	ID:40	19,0
570791	ID:8	19,0
570791	ID:15	19,0
570791	ID:23	19,0
570791	ID:2	19,0
570791	ID:4	19,0
570792	ID:1	19,0
570792	ID:5	19,0
570792	ID:12	19,1
570795	ID:22	19,0
570799	ID:46	19,0
570799	ID:45	19,0
570799	ID:47	19,0
570800	ID:44	19,0
570804	ID:13	19,0
570805	ID:21	19,0
570805	ID:6	19,0
570805	ID:27	19,0
570805	ID:43	19,0
570806	ID:34	19,0
570810	ID:29	19,0
570810	ID:7	19,0
570810	ID:14	19,0
570810	ID:48	19,0
570811	ID:41	19,0
570811	ID:42	19,0
570815	ID:35	19,0
570818	ID:37	19,0
570821	ID:20	19,0
570827	ID:28	19,0
570840	ID:36	19,0
570849	ID:49	19,0
600754	ID:25	bCast#: 20
600758	ID:31	20,0
600758	ID:39	20,0
600759	ID:18	20,0
600759	ID:19	20,0
600759	ID:26	20,0
600759	ID:32	20,0
600759	ID:11	20,0
600759	ID:33	20,0
600759	ID:17	20,0
600759	ID:24	20,0
600759	ID:10	20,0
600759	ID:12	20,1
600759	ID:16	20,0
600764	ID:3	20,0
600765	ID:2	20,0
600765	ID:5	20,0
600765	ID:21	20,0
600765	ID:30	20,0
600765	ID:37	20,0
600766	ID:38	20,0
600766	ID:40	20,0
600770	ID:1	20,0
600770	ID:4	20,0
600771	ID:9	20,0
600771	ID:22	20,0
600771	ID:47	20,0
600772	ID:42	20,0
600772	ID:48	20,0
600772	ID:46	20,0
600772	ID:41	20,0
600772	ID:34	20,0
600777	ID:29	20,0
600777	ID:36	20,0
600777	ID:43	20,0
600777	ID:44	20,0
600777	ID:49	20,0
600778	ID:15	20,0
600781	ID:13	20,0
600781	ID:28	20,0
600781	ID:20	20,0
600781	ID:14	20,0
600781	ID:35	20,0
600783	ID:45	20,0
600785	ID:23	20,0
600787	ID:27	20,0
600787	ID:8	20,0
600788	ID:7	20,0
600804	ID:6	20,0
630754	ID:25	bCast#: 21
630779	ID:18	21,0
630779	ID:17	21,0
630779	ID:19	21,0
630780	ID:33	21,0
630780	ID:32	21,0
630780	ID:24	21,0
630780	ID:26	21,0
630780	ID:37	21,0
630780	ID:23	21,0
630780	ID:40	21,0
630785	ID:22	21,0
630785	ID:10	21,0
630785	ID:43	21,0
630786	ID:15	21,0
630786	ID:44	21,0
630786	ID:29	21,0
630786	ID:36	21,0
630786	ID:31	21,0
630786	ID:38	21,0
630786	ID:46	21,0
630786	ID:9	21,0
630786	ID:11	21,0
630800	ID:27	21,0
630800	ID:34	21,0
630800	ID:39	21,0
630800	ID:47	21,0
630802	ID:45	21,0
630805	ID:28	21,0
630805	ID:35	21,0
630805	ID:41	21,0
630805	ID:42	21,0
630805	ID:48	21,0
630806	ID:49	21,0
630806	ID:21	21,0
630806	ID:20	21,0
630808	ID:12	21,1
630808	ID:16	21,0
630808	ID:4	21,0
630812	ID:5	21,0
630812	ID:14	21,0
630812	ID:6	21,0
630814	ID:13	21,0
630816	ID:30	21,0
630816	ID:8	21,0
630817	ID:7	21,0
630818	ID:3	21,0
630821	ID:1	21,0
630822	ID:2	21,0
660754	ID:25	bCast#: 22
660764	ID:24	22,0
660764	ID:18	22,0
660764	ID:19	22,0
660764	ID:26	22,0
660764	ID:17	22,0
660764	ID:31	22,0
660764	ID:32	22,0
660770	ID:12	22,1
660770	ID:20	22,0
660770	ID:21	22,0
660770	ID:11	22,0
660770	ID:13	22,0
660770	ID:27	22,0
660770	ID:34	22,0
660770	ID:28	22,0
660770	ID:14	22,0
660776	ID:4	22,0
660776	ID:10	22,0
660776	ID:35	22,0
660776	ID:41	22,0
660776	ID:47	22,0
660776	ID:33	22,0
660776	ID:5	22,0
660776	ID:40	22,0
660777	ID:9	22,0
660781	ID:39	22,0
660781	ID:42	22,0
660782	ID:49	22,0
660782	ID:48	22,0
660782	ID:38	22,0
660782	ID:15	22,0
660782	ID:1	22,0
660782	ID:2	22,0
660782	ID:16	22,0
660782	ID:3	22,0
660782	ID:8	22,0
660785	ID:6	22,0
660790	ID:22	22,0
660790	ID:23	22,0
660804	ID:7	22,0
660808	ID:30	22,0
660809	ID:46	22,0
660812	ID:37	22,0
660818	ID:45	22,0
660818	ID:44	22,0
660819	ID:43	22,0
660827	ID:29	22,0
660839	ID:36	22,0
690754	ID:25	bCast#: 23
690795	ID:19	23,0
690795	ID:26	23,0
690795	ID:17	23,0
690795	ID:31	23,0
690795	ID:24	23,0
690795	ID:18	23,0
690795	ID:32	23,0
690795	ID:33	23,0
690796	ID:11	23,0
690796	ID:10	23,0
690796	ID:21	23,0
690796	ID:16	23,0
690796	ID:2	23,0
690801	ID:9	23,0
690801	ID:23	23,0
690801	ID:30	23,0
690805	ID:45	23,0
690806	ID:39	23,0
690806	ID:38	23,0
690806	ID:37	23,0
690806	ID:44	23,0
690807	ID:27	23,0
690807	ID:29	23,0
690807	ID:15	23,0
690807	ID:40	23,0
690807	ID:22	23,0
690807	ID:8	23,0
690808	ID:41	23,0
690809	ID:1	23,0
690809	ID:3	23,0
690811	ID:12	23,1
690811	ID:46	23,0
690812	ID:28	23,0
690812	ID:14	23,0
690812	ID:36	23,0
690813	ID:43	23,0
690816	ID:4	23,0
690816	ID:5	23,0
690817	ID:42	23,0
690818	ID:20	23,0
690820	ID:13	23,0
690820	ID:6	23,0
690821	ID:7	23,0
690826	ID:48	23,0
690826	ID:35	23,0
690826	ID:34	23,0
690839	ID:47	23,0
690859	ID:49	23,0
720754	ID:25	bCast#: 24
720795	ID:33	24,0
720795	ID:19	24,0
720795	ID:31	24,0
720795	ID:24	24,0
720795	ID:26	24,0
720795	ID:18	24,0
720795	ID:32	24,0
720796	ID:30	24,0
720796	ID:27	24,0
720796	ID:20	24,0
720801	ID:40	24,0
720801	ID:22	24,0
720801	ID:34	24,0
720801	ID:41	24,0
720801	ID:29	24,0
720801	ID:23	24,0
720801	ID:37	24,0
720801	ID:39	24,0
720801	ID:38	24,0
720801	ID:36	24,0
720811	ID:45	24,0
720811	ID:43	24,0
720811	ID:44	24,0
720811	ID:46	24,0
720815	ID:21	24,0
720815	ID:13	24,0
720815	ID:14	24,0
720815	ID:12	24,1
720820	ID:16	24,0
720820	ID:15	24,0
720820	ID:17	24,0
720820	ID:10	24,0
720820	ID:11	24,0
720820	ID:6	24,0
720822	ID:35	24,0
720822	ID:28	24,0
720823	ID:42	24,0
720824	ID:7	24,0
720825	ID:5	24,0
720828	ID:49	24,0
720830	ID:4	24,0
720832	ID:8	24,0
720832	ID:9	24,0
720834	ID:47	24,0
720834	ID:48	24,0
720846	ID:3	24,0
720847	ID:2	24,0
720852	ID:1	24,0
750754	ID:25	bCast#: 25
750772	ID:18	25,0
750772	ID:31	25,0
750772	ID:32	25,0
750772	ID:33	25,0
750772	ID:24	25,0
750772	ID:26	25,0
750772	ID:17	25,0
750778	ID:41	25,0
750778	ID:39	25,0
750778	ID:27	25,0
750778	ID:34	25,0
750778	ID:40	25,0
750782	ID:30	25,0
750782	ID:37	25,0
750783	ID:38	25,0
750783	ID:47	25,0
750783	ID:48	25,0
750783	ID:49	25,0
750783	ID:42	25,0
750783	ID:23	25,0
750791	ID:46	25,0
750791	ID:45	25,0
750796	ID:22	25,0
750796	ID:29	25,0
750796	ID:16	25,0
750796	ID:35	25,0
750796	ID:9	25,0
750798	ID:19	25,0
750800	ID:20	25,0
750804	ID:13	25,0
750805	ID:28	25,0
750805	ID:12	25,1
750805	ID:5	25,0
750808	ID:15	25,0
750813	ID:44	25,0
750818	ID:11	25,0
750819	ID:10	25,0
750824	ID:36	25,0
750828	ID:7	25,0
750828	ID:21	25,0
750828	ID:6	25,0
750828	ID:14	25,0
750829	ID:2	25,0
750834	ID:4	25,0
750839	ID:3	25,0
750839	ID:43	25,0
750844	ID:8	25,0
750845	ID:1	25,0
780754	ID:25	bCast#: 26
780795	ID:24	26,0
780795	ID:18	26,0
780795	ID:17	26,0
780795	ID:32	26,0
780795	ID:26	26,0
780795	ID:19	26,0
780795	ID:31	26,0
780795	ID:33	26,0
780796	ID:40	26,0
780796	ID:39	26,0
780796	ID:34	26,0
780801	ID:16	26,0
780801	ID:30	26,0
780801	ID:23	26,0
780801	ID:6	26,0
780801	ID:5	26,0
780801	ID:27	26,0
780801	ID:12	26,1
780801	ID:9	26,0
780801	ID:13	26,0
780801	ID:20	26,0
780801	ID:21	26,0
780805	ID:38	26,0
780805	ID:37	26,0
780807	ID:7	26,0
780807	ID:14	26,0
780807	ID:11	26,0
780807	ID:28	26,0
780808	ID:3	26,0
780808	ID:35	26,0
780812	ID:22	26,0
780812	ID:29	26,0
780812	ID:15	26,0
780812	ID:10	26,0
780817	ID:36	26,0
780818	ID:2	26,0
780818	ID:44	26,0
780822	ID:42	26,0
780822	ID:41	26,0
780823	ID:8	26,0
780823	ID:1	26,0
780826	ID:4	26,0
780827	ID:49	26,0
780828	ID:48	26,0
780834	ID:43	26,0
780834	ID:45	26,0
780834	ID:46	26,0
780840	ID:47	26,0
810754	ID:25	bCast#: 27
810764	ID:19	27,0
810764	ID:39	27,0
810764	ID:26	27,0
810764	ID:18	27,0
810764	ID:32	27,0
810764	ID:24	27,0
810764	ID:11	27,0
810764	ID:3	27,0
810764	ID:16	27,0
810764	ID:12	27,1
810770	ID:44	27,0
810770	ID:46	27,0
810770	ID:47	27,0
810770	ID:31	27,0
810770	ID:38	27,0
810770	ID:45	27,0
810770	ID:40	27,0
810770	ID:41	27,0
810773	ID:4	27,0
810773	ID:5	27,0
810773	ID:13	27,0
810773	ID:6	27,0
810774	ID:20	27,0
810774	ID:10	27,0
810775	ID:37	27,0
810776	ID:2	27,0
810776	ID:30	27,0
810776	ID:17	27,0
810778	ID:36	27,0
810779	ID:49	27,0
810779	ID:35	27,0
810779	ID:42	27,0
810779	ID:48	27,0
810780	ID:34	27,0
810780	ID:27	27,0
810780	ID:33	27,0
810780	ID:8	27,0
810780	ID:9	27,0
810781	ID:23	27,0
810781	ID:22	27,0
810781	ID:28	27,0
810782	ID:29	27,0
810784	ID:15	27,0
810789	ID:21	27,0
810795	ID:43	27,0
810797	ID:7	27,0
810797	ID:14	27,0
810798	ID:1	27,0
840754	ID:25	bCast#: 28
840772	ID:18	28,0
840772	ID:19	28,0
840772	ID:26	28,0
840772	ID:17	28,0
840772	ID:31	28,0
840772	ID:32	28,0
840772	ID:33	28,0
840772	ID:24	28,0
840772	ID:40	28,0
840772	ID:30	28,0
840772	ID:27	28,0
840772	ID:38	28,0
840778	ID:36	28,0
840778	ID:44	28,0
840778	ID:37	28,0
840778	ID:29	28,0
840778	ID:45	28,0
840779	ID:23	28,0
840784	ID:34	28,0
840784	ID:43	28,0
840784	ID:39	28,0
840784	ID:48	28,0
840785	ID:41	28,0
840791	ID:20	28,0
840792	ID:35	28,0
840792	ID:28	28,0
840795	ID:47	28,0
840795	ID:42	28,0
840797	ID:21	28,0
840797	ID:13	28,0
840797	ID:14	28,0
840799	ID:46	28,0
840800	ID:16	28,0
840800	ID:15	28,0
840800	ID:22	28,0
840801	ID:11	28,0
840804	ID:3	28,0
840804	ID:10	28,0
840806	ID:4	28,0
840806	ID:5	28,0
840807	ID:12	28,1
840807	ID:9	28,0
840812	ID:8	28,0
840812	ID:7	28,0
840813	ID:1	28,0
840813	ID:2	28,0
840823	ID:6	28,0
840827	ID:49	28,0
870754	ID:25	bCast#: 29
870803	ID:24	29,0
870803	ID:18	29,0
870803	ID:26	29,0
870803	ID:31	29,0
870803	ID:17	29,0
870803	ID:32	29,0
870803	ID:19	29,0
870803	ID:33	29,0
870804	ID:12	29,1
870804	ID:9	29,0
870809	ID:11	29,0
870809	ID:6	29,0
870809	ID:4	29,0
870809	ID:5	29,0
870809	ID:13	29,0
870810	ID:23	29,0
870810	ID:29	29,0
870810	ID:30	29,0
870810	ID:20	29,0
870810	ID:37	29,0
870810	ID:27	29,0
870815	ID:7	29,0
870815	ID:14	29,0
870816	ID:28	29,0
870816	ID:34	29,0
870816	ID:21	29,0
870816	ID:42	29,0
870816	ID:35	29,0
870820	ID:10	29,0
870820	ID:38	29,0
870821	ID:39	29,0
870821	ID:40	29,0
870825	ID:41	29,0
870827	ID:49	29,0
870827	ID:22	29,0
870827	ID:16	29,0
870827	ID:48	29,0
870832	ID:3	29,0
870833	ID:15	29,0
870833	ID:8	29,0
870834	ID:43	29,0
870834	ID:44	29,0
870834	ID:45	29,0
870840	ID:46	29,0
870842	ID:36	29,0
870846	ID:47	29,0
870856	ID:1	29,0
870856	ID:2	29,0
900754	ID:25	bCast#: 30
900803	ID:26	30,0
900803	ID:17	30,0
900803	ID:18	30,0
900803	ID:31	30,0
900803	ID:32	30,0
900803	ID:24	30,0
900804	ID:40	30,0
900804	ID:33	30,0
900810	ID:47	30,0
900810	ID:34	30,0
900810	ID:41	30,0
900810	ID:48	30,0
900810	ID:46	30,0
900810	ID:39	30,0
900810	ID:49	30,0
900811	ID:37	30,0
900816	ID:42	30,0
900817	ID:35	30,0
900823	ID:28	30,0
900823	ID:21	30,0
900823	ID:20	30,0
900824	ID:19	30,0
900830	ID:27	30,0
900831	ID:23	30,0
900831	ID:15	30,0
900831	ID:16	30,0
900831	ID:22	30,0
900831	ID:30	30,0
900832	ID:11	30,0
900832	ID:9	30,0
900832	ID:10	30,0
900832	ID:45	30,0
900836	ID:38	30,0
900838	ID:4	30,0
900838	ID:2	30,0
900838	ID:3	30,0
900838	ID:1	30,0
900838	ID:5	30,0
900838	ID:12	30,1
900839	ID:14	30,0
900839	ID:13	30,0
900842	ID:43	30,0
900842	ID:8	30,0
900842	ID:44	30,0
900844	ID:7	30,0
900845	ID:6	30,0
900847	ID:36	30,0
900847	ID:29	30,0
930754	ID:25	bCast#: 31
930779	ID:31	31,0
930779	ID:33	31,0
930779	ID:17	31,0
930779	ID:40	31,0
930779	ID:18	31,0
930779	ID:26	31,0
930780	ID:24	31,0
930780	ID:32	31,0
930785	ID:27	31,0
930785	ID:34	31,0
930785	ID:41	31,0
930785	ID:47	31,0
930785	ID:42	31,0
930785	ID:39	31,0
930790	ID:48	31,0
930790	ID:35	31,0
930791	ID:20	31,0
930792	ID:19	31,0
930792	ID:30	31,0
930793	ID:10	31,0
930793	ID:11	31,0
930793	ID:16	31,0
930793	ID:15	31,0
930793	ID:4	31,0
930793	ID:9	31,0
930795	ID:46	31,0
930797	ID:28	31,0
930797	ID:13	31,0
930797	ID:21	31,0
930798	ID:37	31,0
930798	ID:36	31,0
930798	ID:12	31,1
930799	ID:3	31,0
930799	ID:6	31,0
930799	ID:2	31,0
930799	ID:38	31,0
930799	ID:45	31,0
930803	ID:23	31,0
930803	ID:5	31,0
930803	ID:14	31,0
930803	ID:7	31,0
930805	ID:1	31,0
930805	ID:8	31,0
930806	ID:22	31,0
930806	ID:29	31,0
930812	ID:49	31,0
930816	ID:43	31,0
930816	ID:44	31,0
960754	ID:25	bCast#: 32
960779	ID:33	32,0
960779	ID:18	32,0
960780	ID:24	32,0
960780	ID:32	32,0
960780	ID:26	32,0
960780	ID:11	32,0
960780	ID:19	32,0
960785	ID:17	32,0
960785	ID:12	32,1
960786	ID:16	32,0
960786	ID:27	32,0
960786	ID:39	32,0
960786	ID:31	32,0
960791	ID:20	32,0
960791	ID:28	32,0
960792	ID:34	32,0
960792	ID:46	32,0
960792	ID:40	32,0
960792	ID:47	32,0
960792	ID:44	32,0
960792	ID:45	32,0
960792	ID:38	32,0
960793	ID:36	32,0
960797	ID:5	32,0
960797	ID:4	32,0
960797	ID:7	32,0
960801	ID:10	32,0
960801	ID:13	32,0
960801	ID:3	32,0
960802	ID:14	32,0
960802	ID:2	32,0
960803	ID:6	32,0
960803	ID:21	32,0
960803	ID:9	32,0
960807	ID:1	32,0
960808	ID:23	32,0
960808	ID:30	32,0
960808	ID:22	32,0
960808	ID:15	32,0
960814	ID:41	32,0
960814	ID:29	32,0
960816	ID:42	32,0
960816	ID:35	32,0
960817	ID:37	32,0
960818	ID:49	32,0
960818	ID:48	32,0
960820	ID:8	32,0
960826	ID:43	32,0
990754	ID:25	bCast#: 33
990779	ID:19	33,0
990779	ID:18	33,0
990779	ID:32	33,0
990779	ID:11	33,0
990779	ID:24	33,0
990779	ID:26	33,0
990779	ID:33	33,0
990780	ID:17	33,0
990780	ID:31	33,0
990780	ID:39	33,0
990780	ID:46	33,0
990785	ID:16	33,0
990785	ID:40	33,0
990785	ID:47	33,0
990785	ID:3	33,0
990785	ID:12	33,1
990786	ID:10	33,0
990786	ID:4	33,0
990786	ID:27	33,0
990786	ID:34	33,0
990786	ID:5	33,0
990786	ID:41	33,0
990791	ID:45	33,0
990791	ID:38	33,0
990792	ID:30	33,0
990792	ID:42	33,0
990792	ID:37	33,0
990792	ID:35	33,0
990792	ID:48	33,0
990796	ID:20	33,0
990797	ID:13	33,0
990797	ID:21	33,0
990798	ID:9	33,0
990798	ID:2	33,0
990803	ID:44	33,0
990804	ID:1	33,0
990805	ID:14	33,0
990805	ID:6	33,0
990805	ID:7	33,0
990807	ID:28	33,0
990808	ID:23	33,0
990809	ID:15	33,0
990810	ID:22	33,0
990812	ID:29	33,0
990817	ID:36	33,0
990820	ID:49	33,0
990840	ID:43	33,0
990860	ID:8	33,0
1020754	ID:25	bCast#: 34
1020772	ID:19	34,0
1020772	ID:18	34,0
1020772	ID:31	34,0
1020772	ID:33	34,0
1020772	ID:32	34,0
1020772	ID:11	34,0
1020772	ID:26	34,0
1020772	ID:17	34,0
1020772	ID:24	34,0
1020772	ID:38	34,0
1020772	ID:30	34,0
1020778	ID:22	34,0
1020778	ID:23	34,0
1020779	ID:8	34,0
1020782	ID:29	34,0
1020782	ID:39	34,0
1020783	ID:46	34,0
1020783	ID:20	34,0
1020783	ID:27	34,0
1020783	ID:3	34,0
1020783	ID:12	34,1
1020784	ID:4	34,0
1020784	ID:5	34,0
1020784	ID:35	34,0
1020784	ID:15	34,0
1020784	ID:10	34,0
1020784	ID:16	34,0
1020784	ID:13	34,0
1020788	ID:47	34,0
1020788	ID:45	34,0
1020788	ID:40	34,0
1020789	ID:21	34,0
1020791	ID:49	34,0
1020791	ID:42	34,0
1020792	ID:41	34,0
1020794	ID:48	34,0
1020797	ID:14	34,0
1020797	ID:28	34,0
1020797	ID:34	34,0
1020798	ID:2	34,0
1020798	ID:9	34,0
1020800	ID:36	34,0
1020800	ID:37	34,0
1020800	ID:1	34,0
1020803	ID:44	34,0
1020826	ID:43	34,0
1020832	ID:7	34,0
1020837	ID:6	34,0
1050754	ID:25	bCast#: 35
1050759	ID:19	35,0
1050759	ID:26	35,0
1050759	ID:18	35,0
1050759	ID:32	35,0
1050759	ID:17	35,0
1050759	ID:31	35,0
1050759	ID:24	35,0
1050759	ID:39	35,0
1050759	ID:27	35,0
1050768	ID:13	35,0
1050768	ID:34	35,0
1050768	ID:33	35,0
1050773	ID:30	35,0
1050773	ID:42	35,0
1050773	ID:45	35,0
1050773	ID:38	35,0
1050774	ID:49	35,0
1050774	ID:35	35,0
1050774	ID:41	35,0
1050774	ID:37	35,0
1050774	ID:23	35,0
1050774	ID:36	35,0
1050774	ID:9	35,0
1050775	ID:20	35,0
1050775	ID:12	35,1
1050776	ID:21	35,0
1050776	ID:28	35,0
1050777	ID:16	35,0
1050777	ID:10	35,0
1050777	ID:11	35,0
1050779	ID:44	35,0
1050780	ID:1	35,0
1050780	ID:3	35,0
1050780	ID:2	35,0
1050780	ID:46	35,0
1050780	ID:8	35,0
1050780	ID:47	35,0
1050780	ID:15	35,0
1050780	ID:40	35,0
1050781	ID:48	35,0
1050781	ID:5	35,0
1050781	ID:4	35,0
1050782	ID:6	35,0
1050782	ID:14	35,0
1050786	ID:7	35,0
1050795	ID:29	35,0
1050795	ID:43	35,0
1050800	ID:22	35,0
1080754	ID:25	bCast#: 36
1080803	ID:19	36,0
1080803	ID:32	36,0
1080803	ID:26	36,0
1080803	ID:17	36,0
1080803	ID:31	36,0
1080803	ID:18	36,0
1080803	ID:24	36,0
1080804	ID:38	36,0
1080804	ID:23	36,0
1080809	ID:27	36,0
1080809	ID:20	36,0
1080809	ID:13	36,0
1080809	ID:5	36,0
1080809	ID:12	36,1
1080809	ID:3	36,0
1080809	ID:10	36,0
1080809	ID:9	36,0
1080810	ID:16	36,0
1080810	ID:4	36,0
1080810	ID:22	36,0
1080810	ID:1	36,0
1080814	ID:6	36,0
1080814	ID:14	36,0
1080815	ID:15	36,0
1080816	ID:11	36,0
1080824	ID:39	36,0
1080824	ID:30	36,0
1080824	ID:37	36,0
1080824	ID:34	36,0
1080828	ID:45	36,0
1080829	ID:33	36,0
1080831	ID:35	36,0
1080831	ID:42	36,0
1080831	ID:28	36,0
1080831	ID:41	36,0
1080831	ID:40	36,0
1080832	ID:7	36,0
1080833	ID:2	36,0
1080833	ID:8	36,0
1080837	ID:48	36,0
1080840	ID:21	36,0
1080841	ID:47	36,0
1080842	ID:46	36,0
1080842	ID:49	36,0
1080842	ID:29	36,0
1080842	ID:36	36,0
1080847	ID:44	36,0
1080857	ID:43	36,0
1110754	ID:25	bCast#: 37
1110779	ID:18	37,0
1110779	ID:24	37,0
1110779	ID:31	37,0
1110779	ID:38	37,0
1110780	ID:27	37,0
1110780	ID:17	37,0
1110780	ID:32	37,0
1110780	ID:26	37,0
1110780	ID:30	37,0
1110780	ID:20	37,0
1110787	ID:45	37,0
1110787	ID:46	37,0
1110787	ID:44	37,0
1110787	ID:37	37,0
1110788	ID:39	37,0
1110788	ID:47	37,0
1110789	ID:29	37,0
1110789	ID:23	37,0
1110791	ID:19	37,0
1110791	ID:13	37,0
1110791	ID:33	37,0
1110791	ID:34	37,0
1110795	ID:15	37,0
1110795	ID:22	37,0
1110795	ID:16	37,0
1110801	ID:8	37,0
1110801	ID:1	37,0
1110801	ID:9	37,0
1110802	ID:36	37,0
1110803	ID:43	37,0
1110805	ID:40	37,0
1110807	ID:2	37,0
1110807	ID:21	37,0
1110807	ID:28	37,0
1110807	ID:35	37,0
1110807	ID:42	37,0
1110809	ID:10	37,0
1110810	ID:11	37,0
1110810	ID:12	37,1
1110812	ID:49	37,0
1110813	ID:41	37,0
1110813	ID:7	37,0
1110813	ID:5	37,0
1110813	ID:6	37,0
1110813	ID:14	37,0
1110821	ID:3	37,0
1110831	ID:4	37,0
1110833	ID:48	37,0
1140754	ID:25	bCast#: 38
1140758	ID:17	38,0
1140759	ID:18	38,0
1140759	ID:26	38,0
1140759	ID:31	38,0
1140759	ID:38	38,0
1140759	ID:19	38,0
1140759	ID:24	38,0
1140759	ID:32	38,0
1140759	ID:23	38,0
1140759	ID:33	38,0
1140765	ID:20	38,0
1140765	ID:12	38,1
1140765	ID:11	38,0
1140765	ID:36	38,0
1140765	ID:6	38,0
1140765	ID:39	38,0
1140765	ID:37	38,0
1140765	ID:16	38,0
1140765	ID:13	38,0
1140765	ID:34	38,0
1140766	ID:40	38,0
1140767	ID:27	38,0
1140769	ID:9	38,0
1140769	ID:10	38,0
1140770	ID:14	38,0
1140770	ID:21	38,0
1140771	ID:28	38,0
1140771	ID:22	38,0
1140771	ID:8	38,0
1140771	ID:15	38,0
1140772	ID:3	38,0
1140772	ID:4	38,0
1140774	ID:7	38,0
1140774	ID:5	38,0
1140776	ID:41	38,0
1140776	ID:29	38,0
1140777	ID:47	38,0
1140777	ID:1	38,0
1140777	ID:2	38,0
1140779	ID:44	38,0
1140779	ID:43	38,0
1140779	ID:30	38,0
1140782	ID:49	38,0
1140782	ID:35	38,0
1140782	ID:42	38,0
1140782	ID:48	38,0
1140787	ID:45	38,0
1140793	ID:46	38,0
1170754	ID:25	bCast#: 39
1170764	ID:18	39,0
1170764	ID:24	39,0
1170764	ID:31	39,0
1170764	ID:19	39,0
1170764	ID:32	39,0
1170764	ID:26	39,0
1170764	ID:33	39,0
1170764	ID:20	39,0
1170764	ID:16	39,0
1170765	ID:39	39,0
1170769	ID:23	39,0
1170770	ID:36	39,0
1170770	ID:37	39,0
1170770	ID:28	39,0
1170770	ID:38	39,0
1170770	ID:27	39,0
1170770	ID:34	39,0
1170770	ID:45	39,0
1170770	ID:30	39,0
1170770	ID:15	39,0
1170770	ID:46	39,0
1170770	ID:17	39,0
1170770	ID:47	39,0
1170778	ID:48	39,0
1170778	ID:40	39,0
1170781	ID:13	39,0
1170781	ID:21	39,0
1170781	ID:12	39,1
1170781	ID:5	39,0
1170781	ID:11	39,0
1170782	ID:3	39,0
1170784	ID:42	39,0
1170784	ID:35	39,0
1170784	ID:41	39,0
1170785	ID:10	39,0
1170789	ID:2	39,0
1170789	ID:4	39,0
1170790	ID:49	39,0
1170792	ID:6	39,0
1170795	ID:44	39,0
1170795	ID:43	39,0
1170797	ID:22	39,0
1170797	ID:8	39,0
1170798	ID:9	39,0
1170799	ID:7	39,0
1170799	ID:14	39,0
1170801	ID:29	39,0
1170809	ID:1	39,0
1200754	ID:25	bCast#: 40
1200772	ID:24	40,0
1200772	ID:26	40,0
1200772	ID:18	40,0
1200772	ID:31	40,0
1200772	ID:33	40,0
1200772	ID:23	40,0
1200772	ID:32	40,0
1200772	ID:39	40,0
1200772	ID:16	40,0
1200772	ID:40	40,0
1200772	ID:38	40,0
1200772	ID:11	40,0
1200778	ID:47	40,0
1200778	ID:21	40,0
1200778	ID:41	40,0
1200778	ID:48	40,0
1200778	ID:19	40,0
1200778	ID:22	40,0
1200778	ID:27	40,0
1200778	ID:34	40,0
1200778	ID:17	40,0
1200778	ID:29	40,0
1200778	ID:20	40,0
1200778	ID:35	40,0
1200778	ID:10	40,0
1200782	ID:45	40,0
1200782	ID:37	40,0
1200782	ID:30	40,0
1200784	ID:36	40,0
1200784	ID:43	40,0
1200784	ID:14	40,0
1200784	ID:28	40,0
1200784	ID:12	40,1
1200784	ID:13	40,0
1200790	ID:44	40,0
1200792	ID:42	40,0
1200794	ID:46	40,0
1200794	ID:49	40,0
1200795	ID:9	40,0
1200797	ID:6	40,0
1200797	ID:7	40,0
1200797	ID:5	40,0
1200804	ID:8	40,0
1200808	ID:15	40,0
1200809	ID:4	40,0
1200815	ID:1	40,0
1200815	ID:2	40,0
1200816	ID:3	40,0
1230754	ID:25	bCast#: 41
1230772	ID:24	41,0
1230772	ID:32	41,0
1230772	ID:26	41,0
1230772	ID:23	41,0
1230772	ID:18	41,0
1230772	ID:31	41,0
1230772	ID:33	41,0
1230772	ID:15	41,0
1230772	ID:17	41,0
1230772	ID:12	41,1
1230772	ID:27	41,0
1230778	ID:19	41,0
1230778	ID:34	41,0
1230778	ID:35	41,0
1230784	ID:42	41,0
1230784	ID:28	41,0
1230784	ID:49	41,0
1230784	ID:41	41,0
1230784	ID:29	41,0
1230785	ID:16	41,0
1230785	ID:30	41,0
1230785	ID:10	41,0
1230785	ID:11	41,0
1230789	ID:6	41,0
1230789	ID:5	41,0
1230789	ID:4	41,0
1230789	ID:38	41,0
1230789	ID:37	41,0
1230789	ID:13	41,0
1230789	ID:20	41,0
1230789	ID:44	41,0
1230790	ID:9	41,0
1230790	ID:22	41,0
1230791	ID:8	41,0
1230792	ID:39	41,0
1230792	ID:47	41,0
1230792	ID:40	41,0
1230794	ID:36	41,0
1230794	ID:7	41,0
1230794	ID:14	41,0
1230794	ID:3	41,0
1230798	ID:1	41,0
1230799	ID:43	41,0
1230802	ID:21	41,0
1230803	ID:48	41,0
1230803	ID:45	41,0
1230803	ID:46	41,0
1230803	ID:2	41,0
1260754	ID:25	bCast#: 42
1260779	ID:17	42,0
1260779	ID:26	42,0
1260779	ID:31	42,0
1260780	ID:24	42,0
1260780	ID:19	42,0
1260780	ID:18	42,0
1260780	ID:32	42,0
1260780	ID:39	42,0
1260780	ID:4	42,0
1260785	ID:30	42,0
1260786	ID:38	42,0
1260786	ID:37	42,0
1260786	ID:22	42,0
1260791	ID:46	42,0
1260791	ID:45	42,0
1260792	ID:47	42,0
1260792	ID:23	42,0
1260792	ID:40	42,0
1260792	ID:33	42,0
1260792	ID:15	42,0
1260792	ID:8	42,0
1260792	ID:41	42,0
1260792	ID:16	42,0
1260792	ID:29	42,0
1260792	ID:11	42,0
1260793	ID:5	42,0
1260793	ID:12	42,1
1260793	ID:3	42,0
1260793	ID:2	42,0
1260793	ID:10	42,0
1260797	ID:27	42,0
1260797	ID:13	42,0
1260797	ID:20	42,0
1260797	ID:28	42,0
1260797	ID:35	42,0
1260798	ID:1	42,0
1260798	ID:9	42,0
1260800	ID:48	42,0
1260806	ID:49	42,0
1260806	ID:42	42,0
1260808	ID:6	42,0
1260808	ID:43	42,0
1260808	ID:36	42,0
1260808	ID:14	42,0
1260812	ID:34	42,0
1260812	ID:7	42,0
1260813	ID:21	42,0
1260822	ID:44	42,0
1290754	ID:25	bCast#: 43
1290758	ID:31	43,0
1290759	ID:26	43,0
1290759	ID:24	43,0
1290759	ID:32	43,0
1290759	ID:18	43,0
1290759	ID:19	43,0
1290759	ID:23	43,0
1290759	ID:33	43,0
1290768	ID:30	43,0
1290769	ID:10	43,0
1290769	ID:15	43,0
1290769	ID:17	43,0
1290769	ID:16	43,0
1290769	ID:44	43,0
1290775	ID:43	43,0
1290775	ID:45	43,0
1290775	ID:37	43,0
1290776	ID:46	43,0
1290776	ID:38	43,0
1290776	ID:39	43,0
1290776	ID:40	43,0
1290777	ID:34	43,0
1290777	ID:11	43,0
1290777	ID:9	43,0
1290778	ID:29	43,0
1290778	ID:12	43,1
1290783	ID:36	43,0
1290784	ID:22	43,0
1290786	ID:49	43,0
1290787	ID:41	43,0
1290787	ID:47	43,0
1290787	ID:48	43,0
1290791	ID:5	43,0
1290791	ID:3	43,0
1290791	ID:4	43,0
1290792	ID:13	43,0
1290796	ID:42	43,0
1290797	ID:27	43,0
1290797	ID:20	43,0
1290797	ID:21	43,0
1290797	ID:1	43,0
1290797	ID:2	43,0
1290802	ID:8	43,0
1290802	ID:35	43,0
1290805	ID:6	43,0
1290814	ID:7	43,0
1290814	ID:14	43,0
1290816	ID:28	43,0
1320754	ID:25	bCast#: 44
1320779	ID:19	44,0
1320779	ID:18	44,0
1320779	ID:31	44,0
1320780	ID:24	44,0
1320780	ID:26	44,0
1320780	ID:17	44,0
1320780	ID:33	44,0
1320780	ID:32	44,0
1320780	ID:27	44,0
1320785	ID:23	44,0
1320786	ID:22	44,0
1320786	ID:30	44,0
1320786	ID:16	44,0
1320786	ID:37	44,0
1320792	ID:15	44,0
1320793	ID:9	44,0
1320793	ID:8	44,0
1320793	ID:2	44,0
1320793	ID:3	44,0
1320793	ID:10	44,0
1320793	ID:29	44,0
1320794	ID:11	44,0
1320794	ID:12	44,1
1320795	ID:20	44,0
1320797	ID:39	44,0
1320797	ID:41	44,0
1320798	ID:36	44,0
1320798	ID:38	44,0
1320799	ID:4	44,0
1320799	ID:5	44,0
1320805	ID:6	44,0
1320805	ID:13	44,0
1320805	ID:14	44,0
1320805	ID:1	44,0
1320807	ID:46	44,0
1320807	ID:47	44,0
1320807	ID:34	44,0
1320807	ID:40	44,0
1320808	ID:28	44,0
1320808	ID:43	44,0
1320809	ID:45	44,0
1320809	ID:44	44,0
1320812	ID:7	44,0
1320817	ID:21	44,0
1320823	ID:48	44,0
1320823	ID:35	44,0
1320823	ID:42	44,0
1320828	ID:49	44,0
1350754	ID:25	bCast#: 45
1350771	ID:33	45,0
1350772	ID:19	45,0
1350772	ID:31	45,0
1350772	ID:26	45,0
1350772	ID:23	45,0
1350772	ID:24	45,0
1350772	ID:18	45,0
1350772	ID:39	45,0
1350772	ID:12	45,1
1350772	ID:34	45,0
1350783	ID:27	45,0
1350784	ID:13	45,0
1350784	ID:32	45,0
1350784	ID:21	45,0
1350784	ID:48	45,0
1350788	ID:11	45,0
1350789	ID:20	45,0
1350789	ID:45	45,0
1350789	ID:30	45,0
1350789	ID:37	45,0
1350789	ID:38	45,0
1350790	ID:40	45,0
1350798	ID:22	45,0
1350798	ID:29	45,0
1350799	ID:17	45,0
1350799	ID:47	45,0
1350799	ID:46	45,0
1350800	ID:44	45,0
1350801	ID:42	45,0
1350801	ID:49	45,0
1350801	ID:41	45,0
1350803	ID:10	45,0
1350804	ID:35	45,0
1350804	ID:28	45,0
1350804	ID:14	45,0
1350809	ID:4	45,0
1350809	ID:9	45,0
1350810	ID:7	45,0
1350810	ID:6	45,0
1350810	ID:15	45,0
1350811	ID:8	45,0
1350811	ID:5	45,0
1350811	ID:16	45,0
1350814	ID:1	45,0
1350815	ID:2	45,0
1350824	ID:3	45,0
1350824	ID:36	45,0
1350826	ID:43	45,0
1380754	ID:25	bCast#: 46
1380787	ID:31	46,0
1380788	ID:18	46,0
1380788	ID:24	46,0
1380788	ID:26	46,0
1380788	ID:19	46,0
1380788	ID:27	46,0
1380788	ID:32	46,0
1380788	ID:17	46,0
1380788	ID:30	46,0
1380788	ID:10	46,0
1380793	ID:37	46,0
1380793	ID:39	46,0
1380793	ID:38	46,0
1380793	ID:22	46,0
1380793	ID:44	46,0
1380794	ID:33	46,0
1380797	ID:12	46,1
1380797	ID:20	46,0
1380797	ID:11	46,0
1380797	ID:35	46,0
1380797	ID:34	46,0
1380800	ID:43	46,0
1380800	ID:29	46,0
1380800	ID:36	46,0
1380801	ID:16	46,0
1380801	ID:45	46,0
1380801	ID:9	46,0
1380801	ID:23	46,0
1380801	ID:15	46,0
1380802	ID:21	46,0
1380802	ID:14	46,0
1380803	ID:28	46,0
1380803	ID:13	46,0
1380806	ID:3	46,0
1380806	ID:4	46,0
1380806	ID:2	46,0
1380808	ID:7	46,0
1380810	ID:1	46,0
1380810	ID:8	46,0
1380813	ID:5	46,0
1380813	ID:6	46,0
1380818	ID:40	46,0
1380819	ID:47	46,0
1380831	ID:46	46,0
1380844	ID:42	46,0
1380846	ID:41	46,0
1380849	ID:48	46,0
1380874	ID:49	46,0
1410754	ID:25	bCast#: 47
1410803	ID:31	47,0
1410803	ID:30	47,0
1410803	ID:18	47,0
1410803	ID:24	47,0
1410803	ID:26	47,0
1410803	ID:34	47,0
1410804	ID:32	47,0
1410804	ID:33	47,0
1410804	ID:11	47,0
1410810	ID:46	47,0
1410810	ID:21	47,0
1410810	ID:27	47,0
1410810	ID:41	47,0
1410810	ID:19	47,0
1410810	ID:20	47,0
1410821	ID:23	47,0
1410821	ID:37	47,0
1410821	ID:29	47,0
1410821	ID:36	47,0
1410822	ID:38	47,0
1410822	ID:22	47,0
1410822	ID:17	47,0
1410822	ID:39	47,0
1410822	ID:4	47,0
1410822	ID:5	47,0
1410822	ID:13	47,0
1410823	ID:3	47,0
1410823	ID:6	47,0
1410823	ID:12	47,1
1410823	ID:9	47,0
1410823	ID:10	47,0
1410823	ID:28	47,0
1410823	ID:35	47,0
1410823	ID:40	47,0
1410823	ID:47	47,0
1410824	ID:42	47,0
1410828	ID:44	47,0
1410828	ID:14	47,0
1410829	ID:7	47,0
1410829	ID:49	47,0
1410829	ID:48	47,0
1410833	ID:16	47,0
1410834	ID:43	47,0
1410834	ID:45	47,0
1410836	ID:2	47,0
1410837	ID:15	47,0
1410842	ID:1	47,0
1410842	ID:8	47,0
1440754	ID:25	bCast#: 48
1440758	ID:32	48,0
1440759	ID:26	48,0
1440759	ID:18	48,0
1440759	ID:30	48,0
1440759	ID:31	48,0
1440759	ID:33	48,0
1440759	ID:24	48,0
1440759	ID:17	48,0
1440759	ID:19	48,0
1440765	ID:13	48,0
1440765	ID:27	48,0
1440765	ID:12	48,1
1440766	ID:20	48,0
1440769	ID:34	48,0
1440769	ID:39	48,0
1440769	ID:40	48,0
1440769	ID:47	48,0
1440771	ID:3	48,0
1440771	ID:5	48,0
1440771	ID:4	48,0
1440771	ID:11	48,0
1440773	ID:46	48,0
1440773	ID:38	48,0
1440774	ID:45	48,0
1440776	ID:28	48,0
1440776	ID:21	48,0
1440777	ID:14	48,0
1440777	ID:10	48,0
1440777	ID:16	48,0
1440777	ID:2	48,0
1440777	ID:9	48,0
1440779	ID:22	48,0
1440779	ID:23	48,0
1440779	ID:44	48,0
1440781	ID:1	48,0
1440783	ID:15	48,0
1440785	ID:6	48,0
1440786	ID:48	48,0
1440786	ID:49	48,0
1440792	ID:35	48,0
1440792	ID:41	48,0
1440792	ID:8	48,0
1440795	ID:43	48,0
1440795	ID:37	48,0
1440795	ID:36	48,0
1440796	ID:7	48,0
1440797	ID:29	48,0
1440817	ID:42	48,0
1470754	ID:25	bCast#: 49
1470764	ID:26	49,0
1470764	ID:18	49,0
1470764	ID:19	49,0
1470764	ID:33	49,0
1470764	ID:31	49,0
1470764	ID:32	49,0
1470764	ID:11	49,0
1470764	ID:17	49,0
1470764	ID:24	49,0
1470764	ID:39	49,0
1470773	ID:20	49,0
1470773	ID:13	49,0
1470773	ID:27	49,0
1470773	ID:12	49,1
1470773	ID:14	49,0
1470774	ID:10	49,0
1470774	ID:4	49,0
1470776	ID:34	49,0
1470777	ID:40	49,0
1470777	ID:41	49,0
1470777	ID:46	49,0
1470777	ID:35	49,0
1470781	ID:30	49,0
1470781	ID:38	49,0
1470781	ID:37	49,0
1470781	ID:44	49,0
1470781	ID:36	49,0
1470782	ID:45	49,0
1470782	ID:15	49,0
1470782	ID:16	49,0
1470783	ID:42	49,0
1470783	ID:49	49,0
1470789	ID:5	49,0
1470789	ID:6	49,0
1470789	ID:21	49,0
1470792	ID:9	49,0
1470792	ID:8	49,0
1470792	ID:23	49,0
1470794	ID:47	49,0
1470794	ID:48	49,0
1470794	ID:43	49,0
1470794	ID:29	49,0
1470795	ID:7	49,0
1470801	ID:28	49,0
1470806	ID:22	49,0
1470806	ID:1	49,0
1470806	ID:3	49,0
1470810	ID:2	49,0
1500754	ID:25	bCast#: 50
1500764	ID:24	50,0
1500764	ID:33	50,0
1500764	ID:17	50,0
1500764	ID:32	50,0
1500764	ID:26	50,0
1500764	ID:39	50,0
1500764	ID:18	50,0
1500774	ID:40	50,0
1500774	ID:38	50,0
1500774	ID:30	50,0
1500774	ID:46	50,0
1500774	ID:31	50,0
1500774	ID:42	50,0
1500775	ID:47	50,0
1500775	ID:23	50,0
1500775	ID:35	50,0
1500780	ID:36	50,0
1500780	ID:37	50,0
1500780	ID:29	50,0
1500780	ID:22	50,0
1500781	ID:41	50,0
1500781	ID:45	50,0
1500781	ID:48	50,0
1500781	ID:34	50,0
1500781	ID:49	50,0
1500782	ID:27	50,0
1500786	ID:43	50,0
1500786	ID:44	50,0
1500787	ID:15	50,0
1500787	ID:16	50,0
1500787	ID:8	50,0
1500799	ID:19	50,0
1500799	ID:13	50,0
1500799	ID:21	50,0
1500805	ID:5	50,0
1500805	ID:10	50,0
1500805	ID:11	50,0
1500805	ID:12	50,1
1500805	ID:6	50,0
1500805	ID:20	50,0
1500811	ID:9	50,0
1500814	ID:1	50,0
1500814	ID:2	50,0
1500815	ID:28	50,0
1500816	ID:4	50,0
1500816	ID:3	50,0
1500829	ID:7	50,0
1500829	ID:14	50,0
1530754	ID:25	bCast#: 51
1530779	ID:33	51,0
1530779	ID:18	51,0
1530779	ID:24	51,0
1530779	ID:26	51,0
1530780	ID:17	51,0
1530780	ID:32	51,0
1530780	ID:31	51,0
1530780	ID:19	51,0
1530780	ID:30	51,0
1530780	ID:23	51,0
1530780	ID:38	51,0
1530780	ID:16	51,0
1530780	ID:10	51,0
1530786	ID:29	51,0
1530786	ID:15	51,0
1530786	ID:36	51,0
1530786	ID:22	51,0
1530791	ID:37	51,0
1530794	ID:12	51,1
1530795	ID:11	51,0
1530795	ID:43	51,0
1530795	ID:44	51,0
1530796	ID:13	51,0
1530797	ID:20	51,0
1530797	ID:4	51,0
1530797	ID:45	51,0
1530797	ID:27	51,0
1530797	ID:1	51,0
1530797	ID:8	51,0
1530798	ID:39	51,0
1530801	ID:28	51,0
1530801	ID:34	51,0
1530801	ID:41	51,0
1530801	ID:47	51,0
1530804	ID:46	51,0
1530805	ID:5	51,0
1530805	ID:6	51,0
1530805	ID:14	51,0
1530807	ID:21	51,0
1530807	ID:35	51,0
1530810	ID:42	51,0
1530810	ID:48	51,0
1530810	ID:40	51,0
1530814	ID:2	51,0
1530814	ID:9	51,0
1530816	ID:7	51,0
1530820	ID:3	51,0
1530828	ID:49	51,0
1560754	ID:25	bCast#: 52
1560795	ID:33	52,0
1560795	ID:18	52,0
1560795	ID:10	52,0
1560795	ID:17	52,0
1560795	ID:26	52,0
1560795	ID:24	52,0
1560795	ID:32	52,0
1560796	ID:37	52,0
1560796	ID:40	52,0
1560805	ID:3	52,0
1560806	ID:9	52,0
1560806	ID:11	52,0
1560806	ID:16	52,0
1560806	ID:4	52,0
1560806	ID:12	52,1
1560812	ID:6	52,0
1560812	ID:19	52,0
1560812	ID:14	52,0
1560812	ID:5	52,0
1560812	ID:20	52,0
1560812	ID:13	52,0
1560813	ID:1	52,0
1560813	ID:27	52,0
1560817	ID:23	52,0
1560817	ID:31	52,0
1560817	ID:15	52,0
1560817	ID:8	52,0
1560817	ID:2	52,0
1560818	ID:22	52,0
1560818	ID:39	52,0
1560818	ID:46	52,0
1560818	ID:7	52,0
1560818	ID:47	52,0
1560818	ID:48	52,0
1560818	ID:34	52,0
1560818	ID:41	52,0
1560818	ID:42	52,0
1560818	ID:21	52,0
1560822	ID:38	52,0
1560822	ID:35	52,0
1560822	ID:28	52,0
1560823	ID:30	52,0
1560824	ID:49	52,0
1560824	ID:45	52,0
1560826	ID:29	52,0
1560834	ID:44	52,0
1560839	ID:36	52,0
1560857	ID:43	52,0
1590754	ID:25	bCast#: 53
1590758	ID:26	53,0
1590758	ID:18	53,0
1590759	ID:17	53,0
1590759	ID:33	53,0
1590759	ID:23	53,0
1590759	ID:32	53,0
1590759	ID:19	53,0
1590759	ID:31	53,0
1590759	ID:11	53,0
1590759	ID:24	53,0
1590759	ID:20	53,0
1590764	ID:27	53,0
1590764	ID:40	53,0
1590765	ID:21	53,0
1590765	ID:34	53,0
1590768	ID:13	53,0
1590768	ID:12	53,1
1590769	ID:39	53,0
1590769	ID:41	53,0
1590769	ID:9	53,0
1590769	ID:10	53,0
1590770	ID:15	53,0
1590770	ID:3	53,0
1590770	ID:8	53,0
1590773	ID:22	53,0
1590773	ID:30	53,0
1590773	ID:29	53,0
1590774	ID:37	53,0
1590779	ID:36	53,0
1590781	ID:38	53,0
1590782	ID:4	53,0
1590784	ID:28	53,0
1590784	ID:14	53,0
1590785	ID:35	53,0
1590787	ID:42	53,0
1590787	ID:48	53,0
1590787	ID:49	53,0
1590787	ID:47	53,0
1590790	ID:7	53,0
1590790	ID:6	53,0
1590791	ID:1	53,0
1590791	ID:5	53,0
1590791	ID:16	53,0
1590793	ID:44	53,0
1590793	ID:45	53,0
1590793	ID:43	53,0
1590802	ID:46	53,0
1590809	ID:2	53,0
1620754	ID:25	bCast#: 54
1620803	ID:24	54,0
1620803	ID:26	54,0
1620803	ID:18	54,0
1620803	ID:32	54,0
1620803	ID:31	54,0
1620803	ID:33	54,0
1620803	ID:10	54,0
1620803	ID:17	54,0
1620804	ID:39	54,0
1620804	ID:13	54,0
1620815	ID:46	54,0
1620815	ID:38	54,0
1620815	ID:40	54,0
1620815	ID:41	54,0
1620815	ID:45	54,0
1620815	ID:47	54,0
1620815	ID:37	54,0
1620820	ID:30	54,0
1620821	ID:34	54,0
1620821	ID:19	54,0
1620822	ID:36	54,0
1620824	ID:43	54,0
1620824	ID:44	54,0
1620824	ID:29	54,0
1620825	ID:16	54,0
1620825	ID:23	54,0
1620830	ID:22	54,0
1620830	ID:27	54,0
1620830	ID:20	54,0
1620831	ID:12	54,1
1620834	ID:42	54,0
1620834	ID:48	54,0
1620834	ID:35	54,0
1620836	ID:6	54,0
1620836	ID:14	54,0
1620837	ID:28	54,0
1620837	ID:1	54,0
1620837	ID:2	54,0
1620837	ID:3	54,0
1620837	ID:9	54,0
1620837	ID:5	54,0
1620839	ID:21	54,0
1620840	ID:11	54,0
1620842	ID:4	54,0
1620847	ID:15	54,0
1620847	ID:8	54,0
1620857	ID:49	54,0
1620871	ID:7	54,0
1650754	ID:25	bCast#: 55
1650764	ID:39	55,0
1650764	ID:18	55,0
1650764	ID:24	55,0
1650764	ID:26	55,0
1650764	ID:33	55,0
1650764	ID:23	55,0
1650764	ID:32	55,0
1650764	ID:19	55,0
1650764	ID:9	55,0
1650764	ID:12	55,1
1650770	ID:45	55,0
1650770	ID:47	55,0
1650770	ID:46	55,0
1650770	ID:38	55,0
1650770	ID:40	55,0
1650771	ID:30	55,0
1650776	ID:27	55,0
1650777	ID:41	55,0
1650777	ID:35	55,0
1650777	ID:42	55,0
1650777	ID:48	55,0
1650782	ID:49	55,0
1650782	ID:34	55,0
1650787	ID:31	55,0
1650787	ID:44	55,0
1650787	ID:11	55,0
1650787	ID:17	55,0
1650787	ID:37	55,0
1650787	ID:10	55,0
1650788	ID:16	55,0
1650789	ID:4	55,0
1650789	ID:20	55,0
1650789	ID:13	55,0
1650789	ID:14	55,0
1650793	ID:43	55,0
1650793	ID:29	55,0
1650793	ID:36	55,0
1650797	ID:5	55,0
1650797	ID:7	55,0
1650797	ID:21	55,0
1650799	ID:22	55,0
1650800	ID:15	55,0
1650800	ID:6	55,0
1650807	ID:28	55,0
1650808	ID:3	55,0
1650817	ID:8	55,0
1650817	ID:2	55,0
1650845	ID:1	55,0
1680754	ID:25	bCast#: 56
1680787	ID:32	56,0
1680788	ID:18	56,0
1680788	ID:19	56,0
1680788	ID:24	56,0
1680788	ID:33	56,0
1680788	ID:17	56,0
1680788	ID:26	56,0
1680788	ID:31	56,0
1680788	ID:16	56,0
1680788	ID:20	56,0
1680793	ID:30	56,0
1680793	ID:39	56,0
1680793	ID:40	56,0
1680794	ID:38	56,0
1680794	ID:37	56,0
1680800	ID:22	56,0
1680800	ID:15	56,0
1680800	ID:8	56,0
1680800	ID:9	56,0
1680800	ID:10	56,0
1680801	ID:23	56,0
1680801	ID:3	56,0
1680806	ID:1	56,0
1680806	ID:2	56,0
1680807	ID:46	56,0
1680807	ID:47	56,0
1680807	ID:45	56,0
1680807	ID:27	56,0
1680807	ID:48	56,0
1680808	ID:21	56,0
1680808	ID:11	56,0
1680808	ID:34	56,0
1680808	ID:12	56,1
1680811	ID:44	56,0
1680812	ID:36	56,0
1680812	ID:4	56,0
1680814	ID:28	56,0
1680815	ID:35	56,0
1680815	ID:42	56,0
1680815	ID:41	56,0
1680817	ID:43	56,0
1680818	ID:49	56,0
1680818	ID:5	56,0
1680820	ID:14	56,0
1680822	ID:29	56,0
1680844	ID:6	56,0
1680844	ID:13	56,0
1680855	ID:7	56,0
1710754	ID:25	bCast#: 57
1710779	ID:33	57,0
1710779	ID:26	57,0
1710779	ID:18	57,0
1710779	ID:20	57,0
1710780	ID:17	57,0
1710780	ID:31	57,0
1710780	ID:24	57,0
1710780	ID:16	57,0
1710780	ID:30	57,0
1710780	ID:5	57,0
1710785	ID:32	57,0
1710785	ID:27	57,0
1710785	ID:41	57,0
1710785	ID:40	57,0
1710785	ID:8	57,0
1710785	ID:34	57,0
1710785	ID:47	57,0
1710785	ID:15	57,0
1710785	ID:39	57,0
1710785	ID:46	57,0
1710786	ID:10	57,0
1710786	ID:23	57,0
1710786	ID:19	57,0
1710786	ID:11	57,0
1710790	ID:29	57,0
1710791	ID:22	57,0
1710791	ID:37	57,0
1710791	ID:38	57,0
1710792	ID:4	57,0
1710792	ID:12	57,1
1710792	ID:6	57,0
1710792	ID:13	57,0
1710799	ID:3	57,0
1710805	ID:45	57,0
1710807	ID:1	57,0
1710807	ID:9	57,0
1710812	ID:7	57,0
1710813	ID:28	57,0
1710813	ID:14	57,0
1710814	ID:2	57,0
1710815	ID:42	57,0
1710818	ID:49	57,0
1710818	ID:48	57,0
1710821	ID:21	57,0
1710826	ID:35	57,0
1710830	ID:44	57,0
1710831	ID:36	57,0
1710851	ID:43	57,0
1740754	ID:25	bCast#: 58
1740764	ID:31	58,0
1740764	ID:33	58,0
1740764	ID:18	58,0
1740764	ID:24	58,0
1740764	ID:26	58,0
1740764	ID:19	58,0
1740764	ID:32	58,0
1740764	ID:40	58,0
1740764	ID:27	58,0
1740771	ID:17	58,0
1740771	ID:11	58,0
1740771	ID:5	58,0
1740771	ID:4	58,0
1740777	ID:15	58,0
1740777	ID:10	58,0
1740777	ID:23	58,0
1740777	ID:9	58,0
1740783	ID:41	58,0
1740783	ID:20	58,0
1740783	ID:13	58,0
1740784	ID:12	58,1
1740787	ID:47	58,0
1740787	ID:46	58,0
1740787	ID:34	58,0
1740787	ID:49	58,0
1740787	ID:39	58,0
1740787	ID:48	58,0
1740787	ID:42	58,0
1740789	ID:21	58,0
1740789	ID:28	58,0
1740789	ID:35	58,0
1740789	ID:6	58,0
1740789	ID:7	58,0
1740791	ID:3	58,0
1740792	ID:45	58,0
1740793	ID:38	58,0
1740797	ID:14	58,0
1740800	ID:30	58,0
1740800	ID:37	58,0
1740800	ID:22	58,0
1740801	ID:29	58,0
1740803	ID:44	58,0
1740805	ID:2	58,0
1740806	ID:8	58,0
1740806	ID:36	58,0
1740806	ID:1	58,0
1740807	ID:16	58,0
1740808	ID:43	58,0
1770754	ID:25	bCast#: 59
1770795	ID:18	59,0
1770795	ID:31	59,0
1770795	ID:27	59,0
1770795	ID:33	59,0
1770795	ID:24	59,0
1770795	ID:17	59,0
1770795	ID:30	59,0
1770795	ID:32	59,0
1770795	ID:26	59,0
1770796	ID:28	59,0
1770805	ID:34	59,0
1770805	ID:39	59,0
1770805	ID:38	59,0
1770806	ID:23	59,0
1770810	ID:45	59,0
1770810	ID:47	59,0
1770811	ID:46	59,0
1770811	ID:40	59,0
1770814	ID:29	59,0
1770814	ID:36	59,0
1770814	ID:37	59,0
1770816	ID:22	59,0
1770816	ID:35	59,0
1770816	ID:16	59,0
1770816	ID:44	59,0
1770816	ID:48	59,0
1770821	ID:10	59,0
1770822	ID:49	59,0
1770822	ID:41	59,0
1770826	ID:43	59,0
1770826	ID:15	59,0
1770827	ID:8	59,0
1770828	ID:42	59,0
1770830	ID:19	59,0
1770830	ID:20	59,0
1770831	ID:12	59,1
1770832	ID:9	59,0
1770832	ID:11	59,0
1770833	ID:3	59,0
1770833	ID:13	59,0
1770836	ID:14	59,0
1770838	ID:21	59,0
1770842	ID:7	59,0
1770842	ID:6	59,0
1770848	ID:1	59,0
1770848	ID:2	59,0
1770851	ID:5	59,0
1770853	ID:4	59,0
1800754	ID:25	bCast#: 60
1800758	ID:32	60,0
1800759	ID:31	60,0
1800759	ID:26	60,0
1800759	ID:18	60,0
1800759	ID:16	60,0
1800759	ID:24	60,0
1800759	ID:11	60,0
1800759	ID:10	60,0
1800764	ID:27	60,0
1800764	ID:33	60,0
1800764	ID:34	60,0
1800764	ID:35	60,0
1800765	ID:20	60,0
1800765	ID:41	60,0
1800765	ID:23	60,0
1800771	ID:22	60,0
1800771	ID:17	60,0
1800771	ID:37	60,0
1800771	ID:38	60,0
1800771	ID:29	60,0
1800771	ID:15	60,0
1800771	ID:30	60,0
1800772	ID:9	60,0
1800772	ID:39	60,0
1800774	ID:4	60,0
1800774	ID:3	60,0
1800774	ID:1	60,0
1800774	ID:2	60,0
1800775	ID:12	60,1
1800775	ID:21	60,0
1800775	ID:28	60,0
1800776	ID:14	60,0
1800776	ID:19	60,0
1800777	ID:43	60,0
1800777	ID:45	60,0
1800777	ID:8	60,0
1800777	ID:36	60,0
1800777	ID:44	60,0
1800782	ID:42	60,0
1800782	ID:13	60,0
1800785	ID:6	60,0
1800785	ID:7	60,0
1800791	ID:48	60,0
1800793	ID:5	60,0
1800795	ID:47	60,0
1800795	ID:46	60,0
1800798	ID:40	60,0
1800803	ID:49	60,0
1830754	ID:25	bCast#: 61
1830787	ID:31	61,0
1830788	ID:24	61,0
1830788	ID:18	61,0
1830788	ID:27	61,0
1830788	ID:32	61,0
1830788	ID:33	61,0
1830788	ID:26	61,0
1830788	ID:17	61,0
1830788	ID:40	61,0
1830788	ID:23	61,0
1830788	ID:38	61,0
1830795	ID:44	61,0
1830795	ID:37	61,0
1830795	ID:30	61,0
1830795	ID:45	61,0
1830795	ID:46	61,0
1830795	ID:36	61,0
1830796	ID:39	61,0
1830800	ID:34	61,0
1830800	ID:16	61,0
1830800	ID:35	61,0
1830807	ID:42	61,0
1830807	ID:28	61,0
1830807	ID:41	61,0
1830808	ID:47	61,0
1830810	ID:43	61,0
1830816	ID:9	61,0
1830816	ID:10	61,0
1830816	ID:3	61,0
1830816	ID:11	61,0
1830817	ID:19	61,0
1830818	ID:29	61,0
1830818	ID:22	61,0
1830821	ID:21	61,0
1830821	ID:20	61,0
1830822	ID:4	61,0
1830822	ID:5	61,0
1830822	ID:2	61,0
1830823	ID:6	61,0
1830826	ID:48	61,0
1830828	ID:15	61,0
1830828	ID:7	61,0
1830828	ID:13	61,0
1830828	ID:14	61,0
1830833	ID:12	61,1
1830837	ID:8	61,0
1830840	ID:49	61,0
1830840	ID:1	61,0
1860754	ID:25	bCast#: 62
1860771	ID:18	62,0
1860772	ID:26	62,0
1860772	ID:32	62,0
1860772	ID:23	62,0
1860772	ID:17	62,0
1860772	ID:31	62,0
1860772	ID:40	62,0
1860772	ID:33	62,0
1860772	ID:24	62,0
1860772	ID:19	62,0
1860772	ID:34	62,0
1860772	ID:39	62,0
1860778	ID:16	62,0
1860778	ID:30	62,0
1860778	ID:29	62,0
1860778	ID:15	62,0
1860779	ID:10	62,0
1860779	ID:38	62,0
1860779	ID:46	62,0
1860779	ID:47	62,0
1860779	ID:41	62,0
1860779	ID:48	62,0
1860779	ID:27	62,0
1860784	ID:9	62,0
1860784	ID:8	62,0
1860784	ID:36	62,0
1860784	ID:22	62,0
1860784	ID:2	62,0
1860784	ID:45	62,0
1860784	ID:44	62,0
1860785	ID:37	62,0
1860786	ID:11	62,0
1860786	ID:4	62,0
1860789	ID:20	62,0
1860789	ID:13	62,0
1860789	ID:14	62,0
1860789	ID:12	62,1
1860789	ID:6	62,0
1860789	ID:5	62,0
1860791	ID:28	62,0
1860791	ID:21	62,0
1860795	ID:7	62,0
1860795	ID:3	62,0
1860797	ID:35	62,0
1860804	ID:43	62,0
1860807	ID:49	62,0
1860808	ID:42	62,0
1860818	ID:1	62,0
1890754	ID:25	bCast#: 63
1890779	ID:32	63,0
1890779	ID:24	63,0
1890779	ID:33	63,0
1890780	ID:17	63,0
1890780	ID:26	63,0
1890780	ID:39	63,0
1890780	ID:18	63,0
1890780	ID:19	63,0
1890780	ID:20	63,0
1890780	ID:13	63,0
1890785	ID:40	63,0
1890785	ID:34	63,0
1890786	ID:14	63,0
1890786	ID:11	63,0
1890786	ID:47	63,0
1890786	ID:10	63,0
1890786	ID:42	63,0
1890786	ID:28	63,0
1890786	ID:31	63,0
1890786	ID:35	63,0
1890790	ID:12	63,1
1890790	ID:5	63,0
1890790	ID:6	63,0
1890790	ID:21	63,0
1890790	ID:27	63,0
1890791	ID:3	63,0
1890791	ID:4	63,0
1890792	ID:2	63,0
1890792	ID:29	63,0
1890792	ID:30	63,0
1890792	ID:15	63,0
1890792	ID:16	63,0
1890793	ID:46	63,0
1890794	ID:48	63,0
1890794	ID:41	63,0
1890794	ID:49	63,0
1890798	ID:23	63,0
1890798	ID:22	63,0
1890798	ID:36	63,0
1890798	ID:37	63,0
1890798	ID:8	63,0
1890798	ID:9	63,0
1890798	ID:38	63,0
1890799	ID:45	63,0
1890804	ID:7	63,0
1890806	ID:1	63,0
1890823	ID:44	63,0
1890825	ID:43	63,0
1920754	ID:25	bCast#: 64
1920771	ID:26	64,0
1920772	ID:17	64,0
1920772	ID:32	64,0
1920772	ID:33	64,0
1920772	ID:24	64,0
1920772	ID:18	64,0
1920772	ID:31	64,0
1920793	ID:29	64,0
1920793	ID:30	64,0
1920793	ID:23	64,0
1920793	ID:38	64,0
1920793	ID:22	64,0
1920799	ID:15	64,0
1920799	ID:16	64,0
1920799	ID:27	64,0
1920799	ID:19	64,0
1920799	ID:21	64,0
1920800	ID:34	64,0
1920804	ID:10	64,0
1920804	ID:11	64,0
1920804	ID:5	64,0
1920804	ID:9	64,0
1920804	ID:13	64,0
1920809	ID:12	64,1
1920809	ID:2	64,0
1920809	ID:4	64,0
1920810	ID:3	64,0
1920813	ID:40	64,0
1920813	ID:39	64,0
1920814	ID:41	64,0
1920816	ID:6	64,0
1920816	ID:36	64,0
1920816	ID:37	64,0
1920816	ID:43	64,0
1920816	ID:14	64,0
1920818	ID:45	64,0
1920818	ID:47	64,0
1920818	ID:46	64,0
1920819	ID:44	64,0
1920820	ID:20	64,0
1920833	ID:1	64,0
1920833	ID:8	64,0
1920838	ID:28	64,0
1920838	ID:48	64,0
1920839	ID:7	64,0
1920852	ID:35	64,0
1920857	ID:49	64,0
1920857	ID:42	64,0
1950754	ID:25	bCast#: 65
1950779	ID:24	65,0
1950779	ID:33	65,0
1950779	ID:17	65,0
1950780	ID:31	65,0
1950780	ID:32	65,0
1950780	ID:18	65,0
1950780	ID:20	65,0
1950780	ID:26	65,0
1950780	ID:16	65,0
1950780	ID:19	65,0
1950780	ID:23	65,0
1950780	ID:27	65,0
1950780	ID:11	65,0
1950789	ID:22	65,0
1950789	ID:39	65,0
1950789	ID:37	65,0
1950789	ID:38	65,0
1950789	ID:30	65,0
1950796	ID:9	65,0
1950796	ID:15	65,0
1950796	ID:13	65,0
1950796	ID:12	65,1
1950796	ID:21	65,0
1950797	ID:5	65,0
1950797	ID:14	65,0
1950801	ID:1	65,0
1950801	ID:10	65,0
1950802	ID:7	65,0
1950802	ID:34	65,0
1950802	ID:28	65,0
1950806	ID:6	65,0
1950806	ID:4	65,0
1950807	ID:3	65,0
1950807	ID:46	65,0
1950807	ID:45	65,0
1950807	ID:40	65,0
1950807	ID:47	65,0
1950808	ID:35	65,0
1950808	ID:41	65,0
1950808	ID:42	65,0
1950808	ID:49	65,0
1950808	ID:43	65,0
1950808	ID:29	65,0
1950808	ID:44	65,0
1950813	ID:48	65,0
1950818	ID:36	65,0
1950821	ID:8	65,0
1950827	ID:2	65,0
1980754	ID:25	bCast#: 66
1980795	ID:18	66,0
1980795	ID:24	66,0
1980795	ID:26	66,0
1980795	ID:17	66,0
1980795	ID:19	66,0
1980795	ID:32	66,0
1980795	ID:27	66,0
1980795	ID:38	66,0
1980795	ID:39	66,0
1980795	ID:31	66,0
1980796	ID:33	66,0
1980796	ID:29	66,0
1980805	ID:40	66,0
1980808	ID:22	66,0
1980808	ID:30	66,0
1980808	ID:36	66,0
1980808	ID:23	66,0
1980808	ID:37	66,0
1980814	ID:15	66,0
1980815	ID:45	66,0
1980815	ID:46	66,0
1980815	ID:47	66,0
1980819	ID:44	66,0
1980819	ID:8	66,0
1980820	ID:2	66,0
1980820	ID:9	66,0
1980820	ID:16	66,0
1980822	ID:28	66,0
1980822	ID:20	66,0
1980823	ID:34	66,0
1980823	ID:13	66,0
1980823	ID:42	66,0
1980826	ID:43	66,0
1980828	ID:41	66,0
1980828	ID:21	66,0
1980828	ID:48	66,0
1980828	ID:14	66,0
1980828	ID:12	66,1
1980828	ID:35	66,0
1980828	ID:49	66,0
1980832	ID:10	66,0
1980832	ID:11	66,0
1980835	ID:6	66,0
1980836	ID:5	66,0
1980836	ID:4	66,0
1980837	ID:3	66,0
1980837	ID:1	66,0
1980851	ID:7	66,0
2010754	ID:25	bCast#: 67
2010779	ID:31	67,0
2010780	ID:24	67,0
2010780	ID:18	67,0
2010780	ID:33	67,0
2010780	ID:17	67,0
2010780	ID:23	67,0
2010780	ID:32	67,0
2010780	ID:26	67,0
2010780	ID:11	67,0
2010780	ID:20	67,0
2010780	ID:34	67,0
2010785	ID:19	67,0
2010786	ID:16	67,0
2010786	ID:9	67,0
2010786	ID:12	67,1
2010786	ID:10	67,0
2010786	ID:15	67,0
2010786	ID:29	67,0
2010789	ID:38	67,0
2010789	ID:39	67,0
2010789	ID:44	67,0
2010789	ID:30	67,0
2010789	ID:37	67,0
2010790	ID:46	67,0
2010791	ID:3	67,0
2010791	ID:1	67,0
2010791	ID:8	67,0
2010791	ID:2	67,0
2010793	ID:22	67,0
2010795	ID:45	67,0
2010795	ID:47	67,0
2010796	ID:40	67,0
2010796	ID:41	67,0
2010799	ID:4	67,0
2010799	ID:5	67,0
2010800	ID:27	67,0
2010800	ID:35	67,0
2010802	ID:48	67,0
2010802	ID:49	67,0
2010802	ID:42	67,0
2010805	ID:6	67,0
2010805	ID:14	67,0
2010805	ID:13	67,0
2010805	ID:28	67,0
2010806	ID:21	67,0
2010807	ID:7	67,0
2010809	ID:43	67,0
2010809	ID:36	67,0
2040754	ID:25	bCast#: 68
2040787	ID:18	68,0
2040788	ID:26	68,0
2040788	ID:31	68,0
2040788	ID:32	68,0
2040788	ID:34	68,0
2040788	ID:20	68,0
2040788	ID:19	68,0
2040788	ID:17	68,0
2040788	ID:33	68,0
2040788	ID:24	68,0
2040788	ID:40	68,0
2040794	ID:11	68,0
2040794	ID:9	68,0
2040794	ID:10	68,0
2040794	ID:3	68,0
2040794	ID:16	68,0
2040800	ID:4	68,0
2040800	ID:1	68,0
2040800	ID:2	68,0
2040800	ID:15	68,0
2040800	ID:8	68,0
2040800	ID:39	68,0
2040800	ID:27	68,0
2040800	ID:23	68,0
2040800	ID:5	68,0
2040801	ID:12	68,1
2040804	ID:41	68,0
2040804	ID:47	68,0
2040804	ID:46	68,0
2040806	ID:38	68,0
2040806	ID:45	68,0
2040806	ID:22	68,0
2040806	ID:48	68,0
2040808	ID:13	68,0
2040808	ID:14	68,0
2040808	ID:28	68,0
2040808	ID:21	68,0
2040810	ID:49	68,0
2040810	ID:42	68,0
2040810	ID:35	68,0
2040811	ID:29	68,0
2040811	ID:30	68,0
2040812	ID:37	68,0
2040820	ID:7	68,0
2040824	ID:6	68,0
2040826	ID:44	68,0
2040840	ID:43	68,0
2040884	ID:36	68,0
2070754	ID:25	bCast#: 69
2070795	ID:19	69,0
2070795	ID:31	69,0
2070795	ID:24	69,0
2070795	ID:11	69,0
2070795	ID:17	69,0
2070795	ID:18	69,0
2070795	ID:20	69,0
2070795	ID:26	69,0
2070795	ID:33	69,0
2070795	ID:32	69,0
2070796	ID:10	69,0
2070807	ID:30	69,0
2070808	ID:15	69,0
2070808	ID:23	69,0
2070808	ID:36	69,0
2070809	ID:38	69,0
2070812	ID:44	69,0
2070812	ID:39	69,0
2070813	ID:46	69,0
2070814	ID:29	69,0
2070814	ID:37	69,0
2070814	ID:43	69,0
2070818	ID:40	69,0
2070818	ID:45	69,0
2070819	ID:22	69,0
2070820	ID:16	69,0
2070820	ID:9	69,0
2070821	ID:3	69,0
2070822	ID:4	69,0
2070822	ID:8	69,0
2070822	ID:27	69,0
2070822	ID:34	69,0
2070822	ID:41	69,0
2070824	ID:47	69,0
2070826	ID:12	69,1
2070836	ID:13	69,0
2070836	ID:6	69,0
2070841	ID:48	69,0
2070841	ID:49	69,0
2070842	ID:42	69,0
2070842	ID:35	69,0
2070843	ID:5	69,0
2070843	ID:7	69,0
2070847	ID:21	69,0
2070852	ID:14	69,0
2070853	ID:28	69,0
2070856	ID:1	69,0
2070856	ID:2	69,0
2100754	ID:25	bCast#: 70
2100779	ID:17	70,0
2100780	ID:26	70,0
2100780	ID:19	70,0
2100780	ID:18	70,0
2100780	ID:31	70,0
2100780	ID:33	70,0
2100780	ID:24	70,0
2100780	ID:32	70,0
2100780	ID:35	70,0
2100792	ID:27	70,0
2100792	ID:34	70,0
2100792	ID:40	70,0
2100792	ID:41	70,0
2100792	ID:48	70,0
2100792	ID:16	70,0
2100792	ID:23	70,0
2100793	ID:10	70,0
2100793	ID:11	70,0
2100793	ID:9	70,0
2100797	ID:39	70,0
2100797	ID:47	70,0
2100798	ID:42	70,0
2100799	ID:5	70,0
2100799	ID:4	70,0
2100799	ID:3	70,0
2100799	ID:12	70,1
2100799	ID:28	70,0
2100800	ID:15	70,0
2100800	ID:30	70,0
2100800	ID:22	70,0
2100801	ID:49	70,0
2100806	ID:8	70,0
2100808	ID:20	70,0
2100808	ID:13	70,0
2100813	ID:29	70,0
2100813	ID:37	70,0
2100814	ID:36	70,0
2100814	ID:44	70,0
2100816	ID:38	70,0
2100817	ID:1	70,0
2100817	ID:2	70,0
2100826	ID:43	70,0
2100831	ID:21	70,0
2100831	ID:46	70,0
2100831	ID:45	70,0
2100844	ID:7	70,0
2100844	ID:14	70,0
2100854	ID:6	70,0
2130754	ID:25	bCast#: 71
2130758	ID:19	71,0
2130759	ID:18	71,0
2130759	ID:26	71,0
2130759	ID:32	71,0
2130759	ID:17	71,0
2130759	ID:24	71,0
2130759	ID:33	71,0
2130759	ID:31	71,0
2130759	ID:16	71,0
2130765	ID:12	71,1
2130765	ID:13	71,0
2130765	ID:5	71,0
2130766	ID:20	71,0
2130766	ID:11	71,0
2130766	ID:28	71,0
2130771	ID:6	71,0
2130771	ID:7	71,0
2130771	ID:14	71,0
2130773	ID:34	71,0
2130774	ID:21	71,0
2130774	ID:35	71,0
2130774	ID:27	71,0
2130777	ID:40	71,0
2130777	ID:22	71,0
2130777	ID:9	71,0
2130777	ID:23	71,0
2130777	ID:8	71,0
2130777	ID:10	71,0
2130777	ID:15	71,0
2130782	ID:39	71,0
2130782	ID:48	71,0
2130783	ID:47	71,0
2130783	ID:41	71,0
2130783	ID:38	71,0
2130783	ID:1	71,0
2130783	ID:2	71,0
2130783	ID:3	71,0
2130785	ID:4	71,0
2130785	ID:46	71,0
2130785	ID:45	71,0
2130788	ID:30	71,0
2130788	ID:29	71,0
2130789	ID:37	71,0
2130790	ID:36	71,0
2130811	ID:43	71,0
2130811	ID:44	71,0
2130816	ID:42	71,0
2130817	ID:49	71,0
2160754	ID:25	bCast#: 72
2160803	ID:31	72,0
2160803	ID:33	72,0
2160803	ID:17	72,0
2160803	ID:24	72,0
2160803	ID:18	72,0
2160803	ID:19	72,0
2160803	ID:32	72,0
2160804	ID:26	72,0
2160804	ID:11	72,0
2160804	ID:6	72,0
2160804	ID:38	72,0
2160809	ID:20	72,0
2160809	ID:5	72,0
2160809	ID:37	72,0
2160809	ID:13	72,0
2160809	ID:30	72,0
2160810	ID:23	72,0
2160810	ID:4	72,0
2160810	ID:27	72,0
2160810	ID:10	72,0
2160812	ID:7	72,0
2160812	ID:14	72,0
2160815	ID:29	72,0
2160815	ID:22	72,0
2160815	ID:15	72,0
2160815	ID:12	72,1
2160815	ID:36	72,0
2160821	ID:43	72,0
2160826	ID:44	72,0
2160829	ID:40	72,0
2160829	ID:39	72,0
2160829	ID:3	72,0
2160829	ID:9	72,0
2160829	ID:2	72,0
2160829	ID:47	72,0
2160832	ID:21	72,0
2160832	ID:45	72,0
2160833	ID:46	72,0
2160833	ID:28	72,0
2160836	ID:1	72,0
2160839	ID:48	72,0
2160840	ID:41	72,0
2160842	ID:34	72,0
2160843	ID:16	72,0
2160844	ID:8	72,0
2160846	ID:35	72,0
2160849	ID:49	72,0
2160872	ID:42	72,0
2190754	ID:25	bCast#: 73
2190763	ID:18	73,0
2190764	ID:26	73,0
2190764	ID:19	73,0
2190764	ID:31	73,0
2190764	ID:24	73,0
2190764	ID:17	73,0
2190764	ID:32	73,0
2190764	ID:10	73,0
2190764	ID:27	73,0
2190769	ID:9	73,0
2190769	ID:3	73,0
2190769	ID:11	73,0
2190769	ID:16	73,0
2190770	ID:23	73,0
2190770	ID:5	73,0
2190770	ID:12	73,1
2190770	ID:33	73,0
2190774	ID:13	73,0
2190774	ID:20	73,0
2190775	ID:1	73,0
2190775	ID:8	73,0
2190775	ID:15	73,0
2190775	ID:2	73,0
2190775	ID:4	73,0
2190776	ID:30	73,0
2190777	ID:22	73,0
2190781	ID:29	73,0
2190781	ID:36	73,0
2190784	ID:34	73,0
2190784	ID:41	73,0
2190784	ID:28	73,0
2190784	ID:35	73,0
2190784	ID:47	73,0
2190790	ID:48	73,0
2190790	ID:49	73,0
2190790	ID:40	73,0
2190791	ID:37	73,0
2190792	ID:42	73,0
2190792	ID:38	73,0
2190792	ID:21	73,0
2190797	ID:14	73,0
2190797	ID:7	73,0
2190797	ID:6	73,0
2190805	ID:39	73,0
2190805	ID:45	73,0
2190816	ID:46	73,0
2190824	ID:43	73,0
2190824	ID:44	73,0
2220754	ID:25	bCast#: 74
2220803	ID:26	74,0
2220803	ID:19	74,0
2220803	ID:18	74,0
2220803	ID:24	74,0
2220804	ID:31	74,0
2220804	ID:33	74,0
2220804	ID:32	74,0
2220804	ID:16	74,0
2220804	ID:20	74,0
2220804	ID:12	74,1
2220809	ID:15	74,0
2220809	ID:8	74,0
2220809	ID:9	74,0
2220809	ID:22	74,0
2220810	ID:23	74,0
2220810	ID:3	74,0
2220810	ID:4	74,0
2220811	ID:11	74,0
2220816	ID:17	74,0
2220816	ID:37	74,0
2220816	ID:10	74,0
2220823	ID:40	74,0
2220823	ID:41	74,0
2220823	ID:39	74,0
2220823	ID:27	74,0
2220823	ID:34	74,0
2220823	ID:21	74,0
2220823	ID:14	74,0
2220823	ID:13	74,0
2220824	ID:28	74,0
2220828	ID:29	74,0
2220828	ID:30	74,0
2220828	ID:2	74,0
2220829	ID:46	74,0
2220829	ID:38	74,0
2220829	ID:45	74,0
2220829	ID:7	74,0
2220829	ID:5	74,0
2220829	ID:6	74,0
2220829	ID:48	74,0
2220830	ID:35	74,0
2220830	ID:42	74,0
2220833	ID:1	74,0
2220839	ID:47	74,0
2220839	ID:49	74,0
2220847	ID:43	74,0
2220847	ID:36	74,0
2220848	ID:44	74,0
2250754	ID:25	bCast#: 75
2250787	ID:24	75,0
2250787	ID:18	75,0
2250788	ID:26	75,0
2250788	ID:33	75,0
2250788	ID:20	75,0
2250788	ID:19	75,0
2250788	ID:32	75,0
2250788	ID:17	75,0
2250788	ID:10	75,0
2250788	ID:23	75,0
2250788	ID:46	75,0
2250793	ID:40	75,0
2250794	ID:42	75,0
2250794	ID:34	75,0
2250794	ID:41	75,0
2250794	ID:47	75,0
2250794	ID:38	75,0
2250794	ID:45	75,0
2250794	ID:27	75,0
2250794	ID:3	75,0
2250795	ID:12	75,1
2250795	ID:11	75,0
2250795	ID:30	75,0
2250799	ID:16	75,0
2250799	ID:9	75,0
2250799	ID:2	75,0
2250800	ID:28	75,0
2250800	ID:21	75,0
2250800	ID:14	75,0
2250801	ID:48	75,0
2250801	ID:39	75,0
2250802	ID:49	75,0
2250809	ID:35	75,0
2250812	ID:22	75,0
2250812	ID:31	75,0
2250812	ID:15	75,0
2250812	ID:13	75,0
2250812	ID:37	75,0
2250812	ID:8	75,0
2250815	ID:5	75,0
2250815	ID:4	75,0
2250817	ID:1	75,0
2250818	ID:29	75,0
2250824	ID:7	75,0
2250827	ID:44	75,0
2250831	ID:36	75,0
2250840	ID:6	75,0
2250840	ID:43	75,0
2280754	ID:25	bCast#: 76
2280803	ID:18	76,0
2280803	ID:10	76,0
2280803	ID:26	76,0
2280803	ID:19	76,0
2280803	ID:23	76,0
2280803	ID:33	76,0
2280803	ID:32	76,0
2280803	ID:24	76,0
2280803	ID:17	76,0
2280804	ID:27	76,0
2280804	ID:11	76,0
2280809	ID:3	76,0
2280809	ID:4	76,0
2280809	ID:15	76,0
2280809	ID:12	76,1
2280809	ID:2	76,0
2280809	ID:9	76,0
2280810	ID:8	76,0
2280810	ID:42	76,0
2280810	ID:28	76,0
2280810	ID:34	76,0
2280810	ID:40	76,0
2280810	ID:20	76,0
2280810	ID:35	76,0
2280813	ID:39	76,0
2280813	ID:31	76,0
2280813	ID:38	76,0
2280813	ID:45	76,0
2280814	ID:37	76,0
2280814	ID:16	76,0
2280815	ID:41	76,0
2280815	ID:48	76,0
2280815	ID:49	76,0
2280815	ID:47	76,0
2280821	ID:46	76,0
2280828	ID:22	76,0
2280828	ID:36	76,0
2280828	ID:29	76,0
2280828	ID:30	76,0
2280828	ID:21	76,0
2280831	ID:13	76,0
2280831	ID:14	76,0
2280831	ID:6	76,0
2280832	ID:5	76,0
2280833	ID:7	76,0
2280833	ID:43	76,0
2280833	ID:44	76,0
2280837	ID:1	76,0
2310754	ID:25	bCast#: 77
2310795	ID:26	77,0
2310795	ID:17	77,0
2310795	ID:33	77,0
2310795	ID:11	77,0
2310795	ID:19	77,0
2310795	ID:24	77,0
2310795	ID:32	77,0
2310795	ID:18	77,0
2310795	ID:31	77,0
2310796	ID:39	77,0
2310796	ID:30	77,0
2310800	ID:34	77,0
2310801	ID:27	77,0
2310801	ID:3	77,0
2310801	ID:5	77,0
2310801	ID:12	77,1
2310801	ID:4	77,0
2310801	ID:10	77,0
2310801	ID:20	77,0
2310801	ID:28	77,0
2310802	ID:13	77,0
2310806	ID:35	77,0
2310806	ID:42	77,0
2310807	ID:21	77,0
2310807	ID:41	77,0
2310811	ID:16	77,0
2310815	ID:38	77,0
2310816	ID:40	77,0
2310828	ID:49	77,0
2310829	ID:29	77,0
2310829	ID:23	77,0
2310829	ID:37	77,0
2310830	ID:36	77,0
2310831	ID:6	77,0
2310833	ID:48	77,0
2310836	ID:44	77,0
2310836	ID:2	77,0
2310836	ID:45	77,0
2310837	ID:14	77,0
2310837	ID:9	77,0
2310838	ID:46	77,0
2310838	ID:47	77,0
2310840	ID:15	77,0
2310840	ID:22	77,0
2310842	ID:43	77,0
2310842	ID:7	77,0
2310848	ID:8	77,0
2310848	ID:1	77,0
2340754	ID:25	bCast#: 78
2340795	ID:18	78,0
2340795	ID:17	78,0
2340795	ID:24	78,0
2340795	ID:33	78,0
2340795	ID:19	78,0
2340795	ID:31	78,0
2340795	ID:26	78,0
2340795	ID:32	78,0
2340795	ID:23	78,0
2340795	ID:12	78,1
2340805	ID:40	78,0
2340805	ID:38	78,0
2340805	ID:39	78,0
2340805	ID:45	78,0
2340805	ID:47	78,0
2340805	ID:16	78,0
2340806	ID:46	78,0
2340806	ID:30	78,0
2340811	ID:44	78,0
2340812	ID:22	78,0
2340812	ID:29	78,0
2340812	ID:37	78,0
2340818	ID:11	78,0
2340820	ID:15	78,0
2340823	ID:20	78,0
2340823	ID:34	78,0
2340823	ID:27	78,0
2340824	ID:13	78,0
2340824	ID:36	78,0
2340824	ID:43	78,0
2340824	ID:41	78,0
2340829	ID:21	78,0
2340829	ID:6	78,0
2340829	ID:28	78,0
2340829	ID:35	78,0
2340829	ID:49	78,0
2340829	ID:42	78,0
2340830	ID:48	78,0
2340836	ID:4	78,0
2340836	ID:5	78,0
2340836	ID:14	78,0
2340838	ID:3	78,0
2340838	ID:10	78,0
2340839	ID:9	78,0
2340844	ID:8	78,0
2340857	ID:2	78,0
2340859	ID:7	78,0
2340868	ID:1	78,0
2370754	ID:25	bCast#: 79
2370803	ID:32	79,0
2370803	ID:18	79,0
2370803	ID:19	79,0
2370803	ID:31	79,0
2370803	ID:26	79,0
2370803	ID:33	79,0
2370803	ID:24	79,0
2370803	ID:17	79,0
2370804	ID:39	79,0
2370804	ID:34	79,0
2370809	ID:40	79,0
2370809	ID:12	79,1
2370809	ID:11	79,0
2370809	ID:41	79,0
2370809	ID:27	79,0
2370809	ID:23	79,0
2370809	ID:10	79,0
2370810	ID:30	79,0
2370813	ID:38	79,0
2370823	ID:47	79,0
2370823	ID:48	79,0
2370823	ID:46	79,0
2370823	ID:45	79,0
2370824	ID:9	79,0
2370824	ID:16	79,0
2370824	ID:15	79,0
2370825	ID:29	79,0
2370826	ID:49	79,0
2370826	ID:42	79,0
2370826	ID:35	79,0
2370827	ID:37	79,0
2370827	ID:36	79,0
2370827	ID:44	79,0
2370828	ID:22	79,0
2370829	ID:13	79,0
2370829	ID:14	79,0
2370829	ID:4	79,0
2370829	ID:6	79,0
2370829	ID:20	79,0
2370829	ID:5	79,0
2370829	ID:7	79,0
2370831	ID:43	79,0
2370832	ID:8	79,0
2370840	ID:3	79,0
2370845	ID:28	79,0
2370848	ID:1	79,0
2370849	ID:2	79,0
2370862	ID:21	79,0
2400754	ID:25	bCast#: 80
2400771	ID:17	80,0
2400772	ID:18	80,0
2400772	ID:19	80,0
2400772	ID:32	80,0
2400772	ID:33	80,0
2400772	ID:24	80,0
2400778	ID:31	80,0
2400778	ID:23	80,0
2400778	ID:22	80,0
2400778	ID:29	80,0
2400779	ID:5	80,0
2400784	ID:26	80,0
2400784	ID:27	80,0
2400784	ID:47	80,0
2400784	ID:13	80,0
2400784	ID:6	80,0
2400785	ID:4	80,0
2400785	ID:11	80,0
2400785	ID:42	80,0
2400785	ID:40	80,0
2400785	ID:12	80,1
2400785	ID:34	80,0
2400785	ID:48	80,0
2400790	ID:49	80,0
2400790	ID:35	80,0
2400790	ID:3	80,0
2400790	ID:10	80,0
2400790	ID:9	80,0
2400790	ID:41	80,0
2400791	ID:2	80,0
2400791	ID:20	80,0
2400792	ID:30	80,0
2400792	ID:36	80,0
2400793	ID:37	80,0
2400793	ID:38	80,0
2400795	ID:46	80,0
2400795	ID:45	80,0
2400795	ID:39	80,0
2400796	ID:15	80,0
2400796	ID:16	80,0
2400797	ID:28	80,0
2400797	ID:21	80,0
2400797	ID:1	80,0
2400797	ID:7	80,0
2400797	ID:14	80,0
2400798	ID:43	80,0
2400801	ID:44	80,0
2400803	ID:8	80,0
2430754	ID:25	bCast#: 81
2430803	ID:18	81,0
2430803	ID:19	81,0
2430803	ID:26	81,0
2430803	ID:24	81,0
2430803	ID:33	81,0
2430803	ID:31	81,0
2430803	ID:32	81,0
2430804	ID:27	81,0
2430804	ID:20	81,0
2430804	ID:40	81,0
2430809	ID:38	81,0
2430809	ID:48	81,0
2430809	ID:21	81,0
2430809	ID:34	81,0
2430809	ID:41	81,0
2430809	ID:13	81,0
2430810	ID:14	81,0
2430810	ID:28	81,0
2430810	ID:12	81,1
2430810	ID:6	81,0
2430810	ID:49	81,0
2430810	ID:30	81,0
2430810	ID:5	81,0
2430815	ID:35	81,0
2430815	ID:42	81,0
2430816	ID:47	81,0
2430823	ID:17	81,0
2430826	ID:37	81,0
2430826	ID:44	81,0
2430826	ID:45	81,0
2430826	ID:46	81,0
2430826	ID:39	81,0
2430826	ID:36	81,0
2430828	ID:23	81,0
2430828	ID:11	81,0
2430829	ID:16	81,0
2430830	ID:29	81,0
2430833	ID:4	81,0
2430833	ID:3	81,0
2430837	ID:7	81,0
2430841	ID:43	81,0
2430844	ID:22	81,0
2430850	ID:10	81,0
2430850	ID:2	81,0
2430851	ID:15	81,0
2430856	ID:9	81,0
2430868	ID:1	81,0
2430876	ID:8	81,0
2460754	ID:25	bCast#: 82
2460771	ID:33	82,0
2460772	ID:26	82,0
2460772	ID:19	82,0
2460772	ID:32	82,0
2460772	ID:31	82,0
2460772	ID:18	82,0
2460772	ID:24	82,0
2460772	ID:39	82,0
2460772	ID:17	82,0
2460779	ID:11	82,0
2460779	ID:10	82,0
2460780	ID:23	82,0
2460782	ID:40	82,0
2460782	ID:30	82,0
2460782	ID:38	82,0
2460782	ID:47	82,0
2460787	ID:16	82,0
2460787	ID:22	82,0
2460787	ID:9	82,0
2460787	ID:37	82,0
2460788	ID:41	82,0
2460788	ID:48	82,0
2460788	ID:49	82,0
2460788	ID:36	82,0
2460788	ID:46	82,0
2460788	ID:29	82,0
2460789	ID:42	82,0
2460789	ID:34	82,0
2460792	ID:27	82,0
2460792	ID:35	82,0
2460793	ID:12	82,1
2460793	ID:15	82,0
2460793	ID:8	82,0
2460797	ID:45	82,0
2460797	ID:3	82,0
2460798	ID:28	82,0
2460798	ID:20	82,0
2460798	ID:4	82,0
2460798	ID:21	82,0
2460801	ID:44	82,0
2460801	ID:43	82,0
2460802	ID:2	82,0
2460802	ID:1	82,0
2460812	ID:6	82,0
2460812	ID:13	82,0
2460813	ID:5	82,0
2460828	ID:14	82,0
2460828	ID:7	82,0
2490754	ID:25	bCast#: 83
2490787	ID:39	83,0
2490788	ID:17	83,0
2490788	ID:33	83,0
2490788	ID:18	83,0
2490788	ID:32	83,0
2490788	ID:19	83,0
2490788	ID:24	83,0
2490788	ID:26	83,0
2490788	ID:10	83,0
2490788	ID:16	83,0
2490793	ID:27	83,0
2490793	ID:34	83,0
2490793	ID:11	83,0
2490794	ID:12	83,1
2490794	ID:20	83,0
2490794	ID:21	83,0
2490794	ID:13	83,0
2490794	ID:5	83,0
2490794	ID:42	83,0
2490798	ID:1	83,0
2490798	ID:2	83,0
2490798	ID:3	83,0
2490798	ID:9	83,0
2490798	ID:4	83,0
2490799	ID:14	83,0
2490800	ID:49	83,0
2490800	ID:48	83,0
2490800	ID:41	83,0
2490800	ID:35	83,0
2490801	ID:28	83,0
2490805	ID:30	83,0
2490805	ID:6	83,0
2490805	ID:7	83,0
2490806	ID:40	83,0
2490806	ID:47	83,0
2490807	ID:46	83,0
2490816	ID:15	83,0
2490816	ID:23	83,0
2490816	ID:8	83,0
2490816	ID:22	83,0
2490819	ID:45	83,0
2490823	ID:31	83,0
2490824	ID:37	83,0
2490829	ID:38	83,0
2490830	ID:29	83,0
2490831	ID:44	83,0
2490837	ID:36	83,0
2490841	ID:43	83,0
2520754	ID:25	bCast#: 84
2520764	ID:33	84,0
2520764	ID:32	84,0
2520764	ID:26	84,0
2520764	ID:18	84,0
2520764	ID:19	84,0
2520764	ID:24	84,0
2520764	ID:31	84,0
2520764	ID:17	84,0
2520764	ID:27	84,0
2520770	ID:20	84,0
2520770	ID:28	84,0
2520770	ID:34	84,0
2520770	ID:41	84,0
2520770	ID:21	84,0
2520771	ID:12	84,1
2520774	ID:39	84,0
2520780	ID:46	84,0
2520780	ID:38	84,0
2520780	ID:40	84,0
2520781	ID:44	84,0
2520781	ID:35	84,0
2520781	ID:30	84,0
2520781	ID:37	84,0
2520781	ID:22	84,0
2520787	ID:48	84,0
2520787	ID:47	84,0
2520787	ID:43	84,0
2520787	ID:8	84,0
2520787	ID:16	84,0
2520787	ID:23	84,0
2520787	ID:29	84,0
2520787	ID:36	84,0
2520787	ID:15	84,0
2520792	ID:45	84,0
2520793	ID:1	84,0
2520794	ID:10	84,0
2520795	ID:49	84,0
2520795	ID:42	84,0
2520796	ID:13	84,0
2520797	ID:14	84,0
2520797	ID:9	84,0
2520797	ID:11	84,0
2520797	ID:4	84,0
2520798	ID:2	84,0
2520804	ID:5	84,0
2520804	ID:6	84,0
2520808	ID:7	84,0
2520822	ID:3	84,0
2550754	ID:25	bCast#: 85
2550771	ID:24	85,0
2550772	ID:18	85,0
2550772	ID:33	85,0
2550772	ID:17	85,0
2550772	ID:19	85,0
2550772	ID:32	85,0
2550772	ID:26	85,0
2550772	ID:40	85,0
2550772	ID:11	85,0
2550777	ID:34	85,0
2550778	ID:4	85,0
2550778	ID:14	85,0
2550778	ID:20	85,0
2550778	ID:41	85,0
2550778	ID:21	85,0
2550778	ID:27	85,0
2550778	ID:13	85,0
2550778	ID:12	85,1
2550778	ID:42	85,0
2550778	ID:47	85,0
2550778	ID:31	85,0
2550785	ID:7	85,0
2550785	ID:6	85,0
2550786	ID:28	85,0
2550787	ID:48	85,0
2550789	ID:38	85,0
2550789	ID:23	85,0
2550789	ID:30	85,0
2550789	ID:37	85,0
2550789	ID:5	85,0
2550790	ID:15	85,0
2550792	ID:35	85,0
2550794	ID:16	85,0
2550794	ID:9	85,0
2550794	ID:8	85,0
2550794	ID:10	85,0
2550794	ID:2	85,0
2550794	ID:3	85,0
2550795	ID:22	85,0
2550795	ID:36	85,0
2550795	ID:29	85,0
2550795	ID:43	85,0
2550800	ID:1	85,0
2550801	ID:49	85,0
2550801	ID:46	85,0
2550801	ID:39	85,0
2550802	ID:45	85,0
2550810	ID:44	85,0
2580754	ID:25	bCast#: 86
2580795	ID:18	86,0
2580795	ID:19	86,0
2580795	ID:24	86,0
2580795	ID:17	86,0
2580795	ID:33	86,0
2580795	ID:32	86,0
2580795	ID:26	86,0
2580796	ID:13	86,0
2580796	ID:31	86,0
2580796	ID:20	86,0
2580801	ID:14	86,0
2580801	ID:27	86,0
2580801	ID:21	86,0
2580801	ID:12	86,1
2580802	ID:5	86,0
2580804	ID:30	86,0
2580805	ID:23	86,0
2580805	ID:38	86,0
2580805	ID:39	86,0
2580805	ID:16	86,0
2580805	ID:40	86,0
2580805	ID:7	86,0
2580805	ID:6	86,0
2580810	ID:15	86,0
2580812	ID:11	86,0
2580813	ID:29	86,0
2580813	ID:22	86,0
2580814	ID:37	86,0
2580816	ID:4	86,0
2580817	ID:34	86,0
2580819	ID:36	86,0
2580819	ID:43	86,0
2580820	ID:28	86,0
2580821	ID:47	86,0
2580822	ID:3	86,0
2580823	ID:10	86,0
2580829	ID:8	86,0
2580829	ID:2	86,0
2580832	ID:9	86,0
2580836	ID:35	86,0
2580837	ID:42	86,0
2580837	ID:44	86,0
2580837	ID:41	86,0
2580837	ID:45	86,0
2580837	ID:1	86,0
2580843	ID:49	86,0
2580847	ID:46	86,0
2580847	ID:48	86,0
2610754	ID:25	bCast#: 87
2610795	ID:18	87,0
2610795	ID:17	87,0
2610795	ID:20	87,0
2610795	ID:19	87,0
2610795	ID:31	87,0
2610795	ID:32	87,0
2610795	ID:24	87,0
2610795	ID:26	87,0
2610801	ID:9	87,0
2610801	ID:11	87,0
2610801	ID:16	87,0
2610801	ID:10	87,0
2610801	ID:30	87,0
2610807	ID:4	87,0
2610807	ID:3	87,0
2610807	ID:2	87,0
2610808	ID:23	87,0
2610815	ID:27	87,0
2610815	ID:33	87,0
2610815	ID:34	87,0
2610815	ID:40	87,0
2610815	ID:12	87,1
2610816	ID:15	87,0
2610816	ID:22	87,0
2610816	ID:8	87,0
2610817	ID:29	87,0
2610821	ID:39	87,0
2610821	ID:13	87,0
2610821	ID:41	87,0
2610821	ID:5	87,0
2610821	ID:46	87,0
2610822	ID:21	87,0
2610822	ID:1	87,0
2610824	ID:6	87,0
2610827	ID:45	87,0
2610827	ID:38	87,0
2610829	ID:37	87,0
2610831	ID:28	87,0
2610831	ID:35	87,0
2610831	ID:42	87,0
2610843	ID:14	87,0
2610850	ID:44	87,0
2610855	ID:36	87,0
2610855	ID:7	87,0
2610865	ID:48	87,0
2610865	ID:47	87,0
2610871	ID:43	87,0
2610873	ID:49	87,0
2640754	ID:25	bCast#: 88
2640803	ID:17	88,0
2640803	ID:24	88,0
2640803	ID:31	88,0
2640803	ID:32	88,0
2640803	ID:20	88,0
2640803	ID:26	88,0
2640803	ID:19	88,0
2640804	ID:18	88,0
2640804	ID:11	88,0
2640804	ID:33	88,0
2640804	ID:27	88,0
2640809	ID:38	88,0
2640809	ID:37	88,0
2640809	ID:39	88,0
2640809	ID:28	88,0
2640809	ID:23	88,0
2640809	ID:16	88,0
2640810	ID:35	88,0
2640810	ID:21	88,0
2640810	ID:34	88,0
2640810	ID:12	88,1
2640812	ID:6	88,0
2640812	ID:13	88,0
2640812	ID:7	88,0
2640813	ID:10	88,0
2640815	ID:29	88,0
2640815	ID:46	88,0
2640815	ID:22	88,0
2640815	ID:45	88,0
2640815	ID:9	88,0
2640815	ID:15	88,0
2640815	ID:8	88,0
2640815	ID:1	88,0
2640816	ID:14	88,0
2640817	ID:40	88,0
2640817	ID:41	88,0
2640821	ID:30	88,0
2640822	ID:42	88,0
2640822	ID:49	88,0
2640823	ID:47	88,0
2640823	ID:48	88,0
2640830	ID:3	88,0
2640830	ID:4	88,0
2640830	ID:5	88,0
2640831	ID:2	88,0
2640832	ID:36	88,0
2640832	ID:43	88,0
2640832	ID:44	88,0
2670754	ID:25	bCast#: 89
2670758	ID:17	89,0
2670758	ID:26	89,0
2670758	ID:31	89,0
2670758	ID:32	89,0
2670759	ID:19	89,0
2670759	ID:18	89,0
2670759	ID:24	89,0
2670759	ID:39	89,0
2670759	ID:38	89,0
2670764	ID:33	89,0
2670765	ID:23	89,0
2670765	ID:30	89,0
2670765	ID:6	89,0
2670765	ID:10	89,0
2670765	ID:13	89,0
2670765	ID:12	89,1
2670765	ID:5	89,0
2670766	ID:20	89,0
2670768	ID:27	89,0
2670771	ID:4	89,0
2670771	ID:3	89,0
2670771	ID:7	89,0
2670772	ID:45	89,0
2670772	ID:37	89,0
2670772	ID:44	89,0
2670772	ID:46	89,0
2670772	ID:40	89,0
2670772	ID:41	89,0
2670781	ID:2	89,0
2670781	ID:9	89,0
2670781	ID:11	89,0
2670782	ID:8	89,0
2670782	ID:29	89,0
2670782	ID:36	89,0
2670783	ID:16	89,0
2670787	ID:48	89,0
2670787	ID:42	89,0
2670787	ID:49	89,0
2670787	ID:35	89,0
2670787	ID:47	89,0
2670787	ID:34	89,0
2670789	ID:21	89,0
2670789	ID:14	89,0
2670793	ID:28	89,0
2670795	ID:43	89,0
2670800	ID:22	89,0
2670800	ID:15	89,0
2670802	ID:1	89,0
2700754	ID:25	bCast#: 90
2700771	ID:19	90,0
2700772	ID:26	90,0
2700772	ID:24	90,0
2700772	ID:18	90,0
2700772	ID:31	90,0
2700772	ID:33	90,0
2700772	ID:39	90,0
2700772	ID:27	90,0
2700772	ID:32	90,0
2700778	ID:38	90,0
2700792	ID:34	90,0
2700792	ID:40	90,0
2700792	ID:20	90,0
2700792	ID:41	90,0
2700797	ID:13	90,0
2700797	ID:12	90,1
2700797	ID:21	90,0
2700797	ID:11	90,0
2700797	ID:17	90,0
2700799	ID:28	90,0
2700799	ID:46	90,0
2700799	ID:47	90,0
2700800	ID:37	90,0
2700800	ID:23	90,0
2700800	ID:15	90,0
2700800	ID:30	90,0
2700804	ID:44	90,0
2700804	ID:45	90,0
2700804	ID:36	90,0
2700804	ID:29	90,0
2700804	ID:14	90,0
2700804	ID:35	90,0
2700810	ID:48	90,0
2700813	ID:16	90,0
2700816	ID:43	90,0
2700818	ID:4	90,0
2700821	ID:7	90,0
2700821	ID:6	90,0
2700821	ID:5	90,0
2700827	ID:22	90,0
2700832	ID:10	90,0
2700833	ID:3	90,0
2700834	ID:42	90,0
2700834	ID:49	90,0
2700852	ID:8	90,0
2700852	ID:9	90,0
2700861	ID:1	90,0
2700861	ID:2	90,0
2730754	ID:25	bCast#: 91
2730758	ID:26	91,0
2730758	ID:32	91,0
2730758	ID:33	91,0
2730759	ID:39	91,0
2730759	ID:19	91,0
2730759	ID:18	91,0
2730759	ID:24	91,0
2730759	ID:23	91,0
2730759	ID:30	91,0
2730759	ID:40	91,0
2730759	ID:17	91,0
2730759	ID:20	91,0
2730759	ID:9	91,0
2730764	ID:27	91,0
2730765	ID:28	91,0
2730765	ID:47	91,0
2730765	ID:13	91,0
2730765	ID:49	91,0
2730765	ID:48	91,0
2730766	ID:31	91,0
2730769	ID:41	91,0
2730769	ID:34	91,0
2730770	ID:21	91,0
2730770	ID:35	91,0
2730773	ID:42	91,0
2730774	ID:14	91,0
2730776	ID:46	91,0
2730776	ID:45	91,0
2730776	ID:38	91,0
2730781	ID:36	91,0
2730782	ID:44	91,0
2730782	ID:37	91,0
2730782	ID:22	91,0
2730788	ID:29	91,0
2730794	ID:12	91,1
2730795	ID:11	91,0
2730795	ID:4	91,0
2730795	ID:3	91,0
2730795	ID:16	91,0
2730795	ID:10	91,0
2730797	ID:15	91,0
2730797	ID:6	91,0
2730801	ID:5	91,0
2730801	ID:1	91,0
2730801	ID:8	91,0
2730802	ID:2	91,0
2730803	ID:43	91,0
2730824	ID:7	91,0
2760754	ID:25	bCast#: 92
2760779	ID:24	92,0
2760779	ID:17	92,0
2760779	ID:18	92,0
2760779	ID:33	92,0
2760780	ID:19	92,0
2760780	ID:40	92,0
2760780	ID:26	92,0
2760780	ID:23	92,0
2760780	ID:32	92,0
2760780	ID:38	92,0
2760780	ID:11	92,0
2760785	ID:10	92,0
2760785	ID:12	92,1
2760786	ID:20	92,0
2760787	ID:49	92,0
2760787	ID:47	92,0
2760787	ID:46	92,0
2760787	ID:48	92,0
2760787	ID:34	92,0
2760787	ID:45	92,0
2760787	ID:37	92,0
2760787	ID:41	92,0
2760787	ID:36	92,0
2760787	ID:31	92,0
2760787	ID:30	92,0
2760788	ID:16	92,0
2760789	ID:13	92,0
2760789	ID:27	92,0
2760790	ID:28	92,0
2760790	ID:15	92,0
2760790	ID:22	92,0
2760790	ID:29	92,0
2760791	ID:1	92,0
2760792	ID:7	92,0
2760792	ID:21	92,0
2760793	ID:4	92,0
2760793	ID:42	92,0
2760794	ID:35	92,0
2760796	ID:39	92,0
2760796	ID:5	92,0
2760797	ID:8	92,0
2760802	ID:9	92,0
2760802	ID:2	92,0
2760807	ID:3	92,0
2760810	ID:43	92,0
2760811	ID:44	92,0
2760830	ID:6	92,0
2760830	ID:14	92,0
2790754	ID:25	bCast#: 93
2790795	ID:40	93,0
2790795	ID:33	93,0
2790795	ID:9	93,0
2790795	ID:26	93,0
2790795	ID:17	93,0
2790795	ID:19	93,0
2790795	ID:32	93,0
2790795	ID:18	93,0
2790795	ID:39	93,0
2790796	ID:24	93,0
2790796	ID:31	93,0
2790807	ID:27	93,0
2790807	ID:34	93,0
2790807	ID:20	93,0
2790808	ID:11	93,0
2790809	ID:1	93,0
2790809	ID:8	93,0
2790809	ID:2	93,0
2790809	ID:3	93,0
2790809	ID:16	93,0
2790809	ID:10	93,0
2790809	ID:15	93,0
2790810	ID:4	93,0
2790810	ID:48	93,0
2790810	ID:46	93,0
2790810	ID:47	93,0
2790810	ID:41	93,0
2790811	ID:45	93,0
2790812	ID:6	93,0
2790812	ID:12	93,1
2790812	ID:13	93,0
2790815	ID:22	93,0
2790815	ID:30	93,0
2790815	ID:38	93,0
2790815	ID:23	93,0
2790817	ID:37	93,0
2790817	ID:49	93,0
2790820	ID:7	93,0
2790820	ID:14	93,0
2790820	ID:5	93,0
2790825	ID:21	93,0
2790826	ID:44	93,0
2790828	ID:36	93,0
2790832	ID:43	93,0
2790833	ID:29	93,0
2790840	ID:42	93,0
2790843	ID:28	93,0
2790848	ID:35	93,0
2820754	ID:25	bCast#: 94
2820765	ID:32	94,0
2820765	ID:18	94,0
2820765	ID:38	94,0
2820765	ID:26	94,0
2820765	ID:24	94,0
2820765	ID:23	94,0
2820771	ID:22	94,0
2820771	ID:15	94,0
2820771	ID:30	94,0
2820771	ID:29	94,0
2820771	ID:16	94,0
2820772	ID:37	94,0
2820772	ID:40	94,0
2820776	ID:33	94,0
2820776	ID:39	94,0
2820776	ID:31	94,0
2820776	ID:45	94,0
2820776	ID:47	94,0
2820776	ID:44	94,0
2820777	ID:36	94,0
2820777	ID:46	94,0
2820777	ID:48	94,0
2820777	ID:17	94,0
2820778	ID:49	94,0
2820778	ID:41	94,0
2820778	ID:9	94,0
2820778	ID:10	94,0
2820778	ID:34	94,0
2820783	ID:8	94,0
2820783	ID:2	94,0
2820784	ID:3	94,0
2820785	ID:11	94,0
2820787	ID:43	94,0
2820787	ID:12	94,1
2820790	ID:4	94,0
2820790	ID:5	94,0
2820790	ID:1	94,0
2820792	ID:28	94,0
2820792	ID:35	94,0
2820792	ID:42	94,0
2820792	ID:27	94,0
2820794	ID:19	94,0
2820795	ID:20	94,0
2820795	ID:13	94,0
2820797	ID:6	94,0
2820801	ID:7	94,0
2820801	ID:14	94,0
2820809	ID:21	94,0
2850754	ID:25	bCast#: 95
2850803	ID:18	95,0
2850803	ID:24	95,0
2850803	ID:26	95,0
2850803	ID:32	95,0
2850803	ID:38	95,0
2850803	ID:17	95,0
2850803	ID:11	95,0
2850803	ID:33	95,0
2850803	ID:39	95,0
2850804	ID:10	95,0
2850804	ID:37	95,0
2850809	ID:19	95,0
2850809	ID:12	95,1
2850809	ID:46	95,0
2850809	ID:29	95,0
2850809	ID:36	95,0
2850809	ID:44	95,0
2850809	ID:30	95,0
2850809	ID:23	95,0
2850810	ID:41	95,0
2850810	ID:5	95,0
2850810	ID:40	95,0
2850815	ID:27	95,0
2850815	ID:20	95,0
2850815	ID:34	95,0
2850815	ID:43	95,0
2850815	ID:45	95,0
2850815	ID:21	95,0
2850815	ID:31	95,0
2850815	ID:4	95,0
2850816	ID:6	95,0
2850816	ID:15	95,0
2850816	ID:7	95,0
2850816	ID:3	95,0
2850820	ID:14	95,0
2850820	ID:13	95,0
2850821	ID:22	95,0
2850821	ID:8	95,0
2850821	ID:9	95,0
2850822	ID:16	95,0
2850826	ID:42	95,0
2850826	ID:47	95,0
2850826	ID:48	95,0
2850826	ID:49	95,0
2850826	ID:35	95,0
2850828	ID:28	95,0
2850828	ID:2	95,0
2880754	ID:25	bCast#: 96
2880772	ID:18	96,0
2880772	ID:32	96,0
2880772	ID:38	96,0
2880772	ID:24	96,0
2880772	ID:19	96,0
2880772	ID:33	96,0
2880772	ID:26	96,0
2880772	ID:23	96,0
2880772	ID:12	96,1
2880772	ID:20	96,0
2880778	ID:31	96,0
2880778	ID:17	96,0
2880778	ID:16	96,0
2880778	ID:37	96,0
2880779	ID:45	96,0
2880779	ID:30	96,0
2880780	ID:39	96,0
2880785	ID:29	96,0
2880785	ID:44	96,0
2880785	ID:43	96,0
2880785	ID:36	96,0
2880791	ID:46	96,0
2880792	ID:40	96,0
2880792	ID:41	96,0
2880792	ID:34	96,0
2880792	ID:22	96,0
2880792	ID:27	96,0
2880792	ID:13	96,0
2880793	ID:21	96,0
2880793	ID:6	96,0
2880797	ID:15	96,0
2880797	ID:42	96,0
2880797	ID:47	96,0
2880798	ID:28	96,0
2880798	ID:35	96,0
2880803	ID:48	96,0
2880805	ID:11	96,0
2880805	ID:14	96,0
2880805	ID:10	96,0
2880805	ID:9	96,0
2880809	ID:49	96,0
2880813	ID:5	96,0
2880813	ID:4	96,0
2880813	ID:3	96,0
2880817	ID:8	96,0
2880821	ID:7	96,0
2880833	ID:1	96,1
2880839	ID:2	96,0
2910754	ID:25	bCast#: 97
2910765	ID:26	97,0
2910765	ID:32	97,0
2910765	ID:18	97,0
2910765	ID:10	97,0
2910765	ID:24	97,0
2910765	ID:33	97,0
2910765	ID:17	97,0
2910765	ID:20	97,0
2910765	ID:27	97,0
2910771	ID:34	97,0
2910771	ID:40	97,0
2910771	ID:6	97,0
2910771	ID:21	97,0
2910771	ID:14	97,0
2910771	ID:13	97,0
2910771	ID:19	97,0
2910771	ID:12	97,1
2910771	ID:39	97,0
2910771	ID:41	97,0
2910771	ID:47	97,0
2910772	ID:31	97,0
2910777	ID:16	97,0
2910777	ID:23	97,0
2910777	ID:30	97,0
2910778	ID:48	97,0
2910778	ID:46	97,0
2910778	ID:49	97,0
2910779	ID:35	97,0
2910785	ID:7	97,0
2910788	ID:42	97,0
2910792	ID:28	97,0
2910797	ID:5	97,0
2910797	ID:8	97,0
2910798	ID:9	97,0
2910798	ID:2	97,0
2910798	ID:3	97,0
2910798	ID:11	97,0
2910798	ID:4	97,0
2910802	ID:22	97,0
2910803	ID:1	97,1
2910814	ID:36	97,0
2910814	ID:38	97,0
2910814	ID:37	97,0
2910814	ID:29	97,0
2910814	ID:44	97,0
2910814	ID:45	97,0
2910815	ID:15	97,0
2910824	ID:43	97,0
2940754	ID:25	bCast#: 98
2940787	ID:18	98,0
2940788	ID:24	98,0
2940788	ID:10	98,0
2940788	ID:17	98,0
2940788	ID:23	98,0
2940788	ID:26	98,0
2940788	ID:32	98,0
2940788	ID:33	98,0
2940788	ID:19	98,0
2940788	ID:31	98,0
2940788	ID:30	98,0
2940788	ID:46	98,0
2940788	ID:16	98,0
2940794	ID:27	98,0
2940794	ID:47	98,0
2940794	ID:39	98,0
2940794	ID:45	98,0
2940794	ID:37	98,0
2940794	ID:34	98,0
2940794	ID:12	98,1
2940794	ID:20	98,0
2940794	ID:44	98,0
2940794	ID:15	98,0
2940796	ID:29	98,0
2940796	ID:22	98,0
2940798	ID:3	98,0
2940798	ID:8	98,0
2940798	ID:4	98,0
2940798	ID:11	98,0
2940798	ID:9	98,0
2940802	ID:49	98,0
2940802	ID:48	98,0
2940802	ID:40	98,0
2940802	ID:42	98,0
2940804	ID:5	98,0
2940804	ID:38	98,0
2940804	ID:13	98,0
2940809	ID:41	98,0
2940809	ID:1	98,1
2940809	ID:2	98,0
2940809	ID:35	98,0
2940812	ID:21	98,0
2940816	ID:43	98,0
2940816	ID:36	98,0
2940820	ID:6	98,0
2940824	ID:14	98,0
2940836	ID:7	98,0
2940844	ID:28	98,0
2970754	ID:25	bCast#: 99
2970787	ID:27	99,0
2970787	ID:33	99,0
2970787	ID:18	99,0
2970788	ID:26	99,0
2970788	ID:17	99,0
2970788	ID:31	99,0
2970788	ID:32	99,0
2970788	ID:30	99,0
2970788	ID:19	99,0
2970788	ID:11	99,0
2970788	ID:23	99,0
2970788	ID:39	99,0
2970788	ID:24	99,0
2970788	ID:40	99,0
2970799	ID:46	99,0
2970799	ID:47	99,0
2970799	ID:20	99,0
2970799	ID:34	99,0
2970799	ID:37	99,0
2970799	ID:44	99,0
2970800	ID:13	99,0
2970803	ID:41	99,0
2970804	ID:42	99,0
2970804	ID:45	99,0
2970804	ID:35	99,0
2970805	ID:38	99,0
2970806	ID:22	99,0
2970806	ID:29	99,0
2970806	ID:36	99,0
2970807	ID:4	99,0
2970807	ID:5	99,0
2970807	ID:3	99,0
2970807	ID:12	99,1
2970807	ID:10	99,0
2970808	ID:28	99,0
2970809	ID:16	99,0
2970809	ID:9	99,0
2970809	ID:49	99,0
2970813	ID:2	99,0
2970816	ID:43	99,0
2970817	ID:48	99,0
2970819	ID:15	99,0
2970821	ID:6	99,0
2970821	ID:14	99,0
2970825	ID:8	99,0
2970825	ID:1	99,1
2970825	ID:21	99,0
2970829	ID:7	99,0
3000754	ID:25	bCast#: 100
3000779	ID:18	100,0
3000780	ID:24	100,0
3000780	ID:26	100,0
3000780	ID:19	100,0
3000780	ID:17	100,0
3000780	ID:23	100,0
3000780	ID:33	100,0
3000780	ID:32	100,0
3000786	ID:39	100,0
3000786	ID:11	100,0
3000786	ID:20	100,0
3000786	ID:27	100,0
3000786	ID:10	100,0
3000786	ID:41	100,0
3000786	ID:12	100,1
3000786	ID:40	100,0
3000786	ID:35	100,0
3000786	ID:31	100,0
3000790	ID:21	100,0
3000790	ID:34	100,0
3000792	ID:48	100,0
3000792	ID:28	100,0
3000792	ID:49	100,0
3000792	ID:42	100,0
3000792	ID:13	100,0
3000796	ID:22	100,0
3000796	ID:30	100,0
3000796	ID:16	100,0
3000796	ID:15	100,0
3000797	ID:8	100,0
3000798	ID:37	100,0
3000803	ID:29	100,0
3000804	ID:5	100,0
3000804	ID:4	100,0
3000804	ID:6	100,0
3000807	ID:47	100,0
3000812	ID:7	100,0
3000812	ID:14	100,0
3000817	ID:3	100,0
3000818	ID:2	100,0
3000822	ID:36	100,0
3000822	ID:38	100,0
3000822	ID:44	100,0
3000822	ID:9	100,0
3000826	ID:43	100,0
3000828	ID:45	100,0
3000833	ID:46	100,0
3000838	ID:1	100,1
